0 94 97 11 70 26 60 34 93 56 33 6 83 57 51 53 42 88 86 59 73 65 3 82 5 14 32 81 63 13 41 1 12 77 16 44 35 95 91 18 43 40 17 15 47 50 58 75 98 90 
2 10 92 84 72 52 69 38 39 66 4 61 25 99 55 68 74 29 79 19 37 85 48 67 9 20 89 45 24 8 71 36 64 78 80 46 87 21 22 54 49 76 23 62 30 31 28 7 96 27 
0 94 97 11 70 26 60 34 93 56 33 6 83 57 51 53 42 88 86 59 73 65 49 54 21 22 87 36 71 64 78 80 46 55 99 25 68 61 4 66 39 38 69 72 92 2 90 98 75 58 
3 82 5 14 32 81 63 13 41 1 12 77 16 44 35 95 91 18 43 40 17 23 76 15 62 30 47 50 8 24 45 89 20 85 48 29 74 79 19 37 67 9 52 84 10 27 96 7 28 31 
1 12 77 16 44 35 95 91 18 43 40 17 23 76 15 41 13 63 81 32 14 5 3 82 86 59 73 65 88 42 51 53 71 64 78 80 46 55 99 25 68 67 20 0 45 24 49 54 62 30 
4 66 39 38 69 52 72 84 92 10 2 27 90 96 98 7 28 31 58 75 97 11 70 26 60 34 93 56 33 6 83 57 36 79 19 37 85 48 29 74 61 9 89 94 8 87 21 22 47 50 
1 12 77 16 44 35 95 91 18 43 40 17 23 76 49 42 88 86 59 73 65 93 56 33 26 60 34 70 11 97 94 0 89 20 85 48 29 74 79 19 37 45 24 8 31 58 75 98 7 9 
5 3 82 63 13 41 81 32 14 50 47 30 62 15 54 21 22 87 53 51 57 83 6 71 36 64 78 80 46 55 99 25 68 61 4 66 39 38 69 52 72 84 92 10 2 27 90 96 28 67 
2 10 92 84 72 52 69 38 39 66 4 61 25 99 55 68 74 29 79 19 37 85 48 67 9 20 89 0 94 97 11 70 26 60 34 93 56 33 24 8 45 71 46 80 28 7 98 90 47 30 
6 83 57 51 53 42 88 86 59 73 65 3 82 5 14 32 81 63 13 41 1 12 77 16 44 35 95 91 18 43 40 17 23 76 15 49 54 21 22 87 36 64 78 31 58 75 96 27 62 50 
2 10 92 84 72 52 69 38 39 66 4 61 25 99 55 68 74 29 79 19 37 85 48 67 9 20 89 0 94 45 24 8 71 36 64 78 80 46 87 21 22 54 49 76 23 17 15 62 47 90 
7 98 96 75 58 31 28 97 11 70 26 60 34 93 56 33 6 83 57 51 53 42 88 86 59 73 65 3 82 5 14 32 81 63 13 41 1 12 77 16 44 35 95 91 18 43 40 30 50 27 
3 82 5 14 32 81 63 13 41 1 12 77 16 44 35 95 91 18 43 40 17 23 76 15 49 54 21 22 87 46 80 99 61 4 66 39 38 69 52 72 84 92 10 2 27 90 96 7 47 30 
8 24 45 89 0 94 97 11 70 26 60 34 93 56 33 6 83 57 51 53 42 88 86 59 73 65 71 36 64 78 55 25 68 74 29 79 19 37 85 48 67 9 20 31 58 75 98 28 62 50 
3 82 5 14 32 81 63 13 41 1 12 77 16 44 35 95 91 18 43 40 17 23 76 15 49 54 21 22 87 36 71 64 78 80 46 55 99 25 68 61 4 66 39 38 90 98 75 58 47 30 
9 67 85 48 29 74 79 19 37 45 24 8 26 60 34 93 56 33 6 83 57 51 53 42 88 86 59 73 65 70 11 97 94 0 89 20 2 10 92 84 72 52 69 27 96 7 28 31 62 50 
4 66 39 38 69 52 72 84 9 67 85 48 29 74 79 19 37 45 24 8 33 83 51 42 88 86 59 73 65 3 82 5 14 32 81 63 13 41 1 12 77 16 44 35 95 91 18 43 40 47 
10 92 2 27 90 96 98 7 28 31 58 75 97 11 70 26 60 34 93 56 6 57 53 71 36 64 78 80 46 55 99 25 68 61 20 89 0 94 87 21 22 54 49 76 23 17 15 62 30 50 
4 66 39 38 69 52 72 84 92 10 2 27 90 96 98 7 28 31 58 75 70 33 83 51 42 88 86 59 73 65 3 82 5 14 32 81 63 13 41 1 12 77 16 44 35 95 91 18 43 40 
11 97 94 0 89 20 85 48 29 74 79 19 37 45 24 8 26 60 34 93 56 6 57 53 71 36 64 78 80 46 55 99 25 68 61 67 9 87 21 22 54 49 76 23 17 15 62 30 47 50 
5 3 82 63 13 41 1 15 76 23 17 54 21 22 87 53 51 57 83 6 56 93 60 34 26 70 11 97 94 0 31 58 75 98 7 28 96 90 27 2 10 92 84 72 52 69 38 39 66 67 
12 77 16 44 35 95 91 18 43 40 62 30 47 81 32 14 50 88 42 49 86 59 73 65 33 24 8 45 89 20 85 48 29 74 79 19 37 71 36 64 78 80 46 55 99 25 68 61 4 9 
5 3 82 32 14 50 47 30 62 15 76 23 17 40 49 42 88 86 59 73 65 93 56 33 26 60 34 70 11 97 94 0 89 20 85 48 29 74 79 19 37 45 24 8 31 58 75 98 7 9 
13 63 81 41 1 12 77 16 44 35 95 91 18 43 54 21 22 87 53 51 57 83 6 71 36 64 78 80 46 55 99 25 68 61 4 66 39 38 69 52 72 84 92 10 2 27 90 96 28 67 
6 83 57 51 53 42 88 86 59 73 65 93 56 33 26 60 34 70 11 97 94 0 89 20 85 48 29 74 79 19 37 45 24 8 31 58 75 98 7 28 96 90 27 2 10 92 84 67 62 30 
14 32 5 3 82 63 13 41 1 12 77 16 44 35 95 91 18 43 40 17 23 76 15 49 54 21 22 87 36 71 64 78 80 46 55 99 25 68 61 4 66 39 38 69 52 72 9 81 47 50 
6 83 57 51 53 42 88 86 59 73 65 3 82 5 14 32 81 63 13 41 62 30 47 50 56 93 60 34 26 70 11 97 94 0 89 20 85 48 29 74 79 19 37 45 24 8 33 31 58 9 
15 1 12 77 16 44 35 95 91 18 43 40 17 23 76 49 54 21 22 87 36 71 64 78 80 46 55 99 25 68 61 4 66 39 38 69 52 72 84 92 10 2 27 90 96 98 7 28 75 67 
7 98 96 75 58 31 28 97 11 70 26 60 34 93 56 33 6 83 57 51 53 42 88 49 54 21 22 87 36 71 64 78 80 46 55 99 25 68 61 4 66 39 38 84 10 27 76 23 62 30 
16 44 35 95 91 18 43 40 77 12 1 41 13 63 81 32 14 5 3 82 86 59 73 65 8 24 45 89 0 94 20 85 48 29 74 79 19 37 67 9 52 69 72 92 2 90 15 17 47 50 
7 98 96 75 58 31 28 97 11 70 26 60 34 93 56 33 6 83 57 51 53 42 88 86 59 73 65 49 54 87 36 71 64 79 19 37 85 48 29 74 67 9 20 89 0 94 2 10 90 8 
17 23 76 15 1 12 77 16 44 35 95 91 18 43 40 62 30 47 81 63 13 41 32 14 5 3 82 50 21 22 46 78 80 55 99 25 68 61 4 66 39 38 69 52 72 84 92 27 45 24 
8 24 45 89 0 94 97 11 70 26 60 34 93 56 33 6 83 57 51 53 42 88 49 54 21 22 87 46 55 25 68 74 29 79 19 37 85 48 67 9 20 31 58 75 98 28 15 17 62 47 
18 91 95 35 44 16 40 77 12 1 41 13 63 81 32 14 5 3 82 86 59 73 65 71 36 64 78 80 99 61 4 66 39 38 69 52 72 84 92 10 2 27 90 96 7 76 23 43 30 50 
8 24 45 89 0 94 97 11 70 26 60 34 93 56 33 6 83 57 51 53 42 88 86 59 73 65 3 82 5 14 32 81 63 13 41 1 12 77 16 44 35 95 91 18 43 40 17 23 62 30 
19 79 37 85 48 29 74 68 25 99 55 61 4 66 39 38 69 52 72 84 92 10 2 27 90 96 98 7 28 31 58 75 20 9 67 78 80 46 64 36 71 87 21 22 54 49 76 15 47 50 
9 67 85 48 29 74 79 19 37 45 24 8 33 83 51 42 88 86 59 73 65 3 82 5 14 32 81 63 13 41 1 12 77 16 44 35 95 91 18 43 40 17 23 76 15 49 54 21 62 30 
20 89 0 94 97 11 70 26 60 34 93 56 6 57 53 71 36 64 78 80 46 55 99 25 68 61 4 66 39 38 69 52 72 84 92 10 2 27 90 96 98 7 28 31 58 75 87 22 47 50 
9 67 85 48 29 74 79 19 37 45 24 8 26 60 34 93 56 33 6 83 57 51 53 71 36 64 78 80 46 55 99 25 68 61 4 66 39 38 69 52 72 84 92 10 2 27 90 96 98 7 
21 22 87 54 49 42 88 86 59 73 65 3 82 5 14 32 81 63 13 41 1 12 77 16 44 35 95 91 18 43 40 17 23 76 15 62 30 47 50 70 11 97 94 0 89 20 31 58 75 28 
10 92 2 27 90 96 98 7 28 31 58 75 97 11 70 26 60 34 93 56 33 6 83 57 51 53 71 36 64 78 80 46 55 99 25 68 61 4 66 39 38 69 52 72 84 9 67 48 29 74 
22 21 87 54 49 42 88 86 59 73 65 3 82 5 14 32 81 63 13 41 1 12 77 16 44 35 95 91 18 43 40 17 23 76 15 62 30 47 50 8 24 45 89 0 94 20 85 37 19 79 
10 92 2 27 90 96 98 7 28 31 58 75 97 11 70 26 60 34 93 56 33 6 83 57 51 53 42 88 59 65 8 24 45 89 0 94 20 85 48 29 74 79 19 37 67 9 52 69 38 84 
23 17 76 15 1 12 77 16 44 35 95 91 18 43 40 62 30 47 81 63 13 41 32 14 5 3 82 86 73 49 54 21 22 87 36 71 64 78 80 46 55 99 25 68 61 4 66 39 72 50 
11 97 94 0 20 85 48 29 74 79 19 37 71 36 64 78 80 46 55 99 25 68 61 4 66 39 38 69 52 72 84 92 10 2 27 90 96 98 7 28 31 58 75 9 67 87 21 22 62 30 
24 8 45 89 70 26 60 34 93 56 33 6 83 57 51 53 42 88 86 59 73 65 3 82 5 14 32 81 63 13 41 1 12 77 16 44 35 95 91 18 43 40 17 23 76 15 49 54 47 50 
11 97 94 0 89 20 85 48 37 45 24 8 26 60 34 93 56 33 70 31 58 75 98 7 28 96 90 27 2 10 92 84 72 52 69 38 39 66 4 67 9 87 21 22 54 49 76 23 62 30 
25 99 55 61 68 74 29 79 19 64 78 80 46 36 71 57 83 6 51 53 42 88 86 59 73 65 3 82 5 14 32 81 63 13 41 1 12 77 16 44 35 95 91 18 43 40 17 15 47 50 
12 77 16 44 35 95 91 18 43 40 17 23 76 15 1 41 13 63 81 32 14 50 62 54 21 46 78 80 55 99 25 68 61 4 66 39 38 69 52 72 84 92 10 2 27 90 96 98 7 28 
26 60 34 93 56 33 6 83 57 51 53 42 88 86 59 73 65 3 82 5 47 30 49 87 22 36 71 64 79 19 37 85 48 29 74 67 9 20 89 0 94 97 11 70 8 24 45 31 58 75 
12 77 16 44 35 95 91 18 43 40 17 23 76 15 1 41 13 63 81 32 14 5 3 82 86 59 65 8 24 45 89 0 94 20 85 48 29 74 79 19 37 67 9 52 69 38 84 10 62 30 
27 90 96 98 7 28 31 58 75 97 11 70 26 60 34 93 56 33 6 83 57 51 53 42 88 73 49 54 21 22 87 36 71 64 78 80 46 55 99 25 68 61 4 66 39 72 92 2 47 50 
13 63 81 41 1 12 77 16 44 35 95 91 18 43 40 17 23 76 15 49 42 88 86 59 73 65 3 82 5 14 32 47 30 62 50 54 21 22 87 79 19 37 85 48 29 74 67 9 20 24 
28 7 98 96 75 58 31 97 11 70 26 60 34 93 56 33 6 83 57 51 53 71 36 64 78 80 46 55 99 25 68 61 4 66 39 38 69 52 72 84 92 10 2 27 90 94 0 89 45 8 
13 63 81 41 1 12 77 16 44 35 95 91 18 43 40 17 23 76 15 49 42 88 86 59 73 65 3 82 5 14 32 47 30 62 50 54 21 22 87 24 8 45 31 58 75 98 7 28 96 90 
29 74 79 19 37 85 48 67 9 20 89 0 94 97 11 70 26 60 34 93 56 33 6 83 57 51 53 71 36 64 78 80 46 55 99 25 68 61 4 66 39 38 69 52 72 84 92 10 2 27 
14 32 5 3 82 63 13 41 1 15 76 23 17 54 21 22 87 53 57 6 33 26 70 11 97 94 0 20 9 67 39 38 69 52 72 84 92 10 2 27 90 96 98 7 28 31 58 75 65 86 
30 47 62 12 77 16 44 35 95 91 18 43 40 81 50 88 42 51 83 56 93 60 34 8 24 45 89 85 48 29 74 79 19 37 71 36 64 78 80 46 55 99 25 68 61 4 66 73 59 49 
14 32 5 3 82 63 13 41 1 12 77 16 44 35 95 91 18 43 40 17 23 76 15 49 42 88 86 59 73 65 93 56 33 6 83 57 51 53 71 36 64 78 80 46 87 21 22 54 62 30 
31 58 75 98 7 28 96 90 27 2 10 92 84 72 52 69 38 39 66 4 61 25 99 55 68 74 29 79 19 37 85 48 67 9 20 89 0 94 97 11 70 26 60 34 8 24 45 81 47 50 
15 1 12 77 16 44 35 95 91 18 43 40 17 23 54 21 22 87 53 51 57 83 6 33 24 8 45 89 0 94 20 85 48 29 74 79 19 37 71 36 64 78 80 46 55 99 25 68 61 67 
32 14 5 3 82 63 13 41 81 47 30 62 50 76 49 42 88 86 59 73 65 93 56 26 60 34 70 11 97 31 58 75 98 7 28 96 90 27 2 10 92 84 72 52 69 38 39 66 4 9 
15 1 12 77 16 44 35 95 91 18 43 40 17 23 76 49 42 88 86 59 73 65 3 82 5 14 32 81 63 13 41 62 30 47 50 54 21 22 87 53 51 57 83 6 31 58 75 98 7 9 
33 56 93 60 34 26 70 11 97 94 0 89 20 85 48 29 74 79 19 37 45 24 8 71 36 64 78 80 46 55 99 25 68 61 4 66 39 38 69 52 72 84 92 10 2 27 90 96 28 67 
16 44 35 95 91 18 43 40 77 12 1 41 13 63 81 32 14 5 3 82 86 59 73 65 88 42 51 49 54 21 22 87 46 99 61 4 66 39 38 72 92 2 90 98 75 58 76 23 62 30 
34 60 26 70 11 97 94 0 89 20 85 48 29 74 79 19 37 45 24 8 33 56 93 6 83 57 53 71 36 64 78 80 55 25 68 67 9 52 69 84 10 27 96 7 28 31 15 17 47 50 
16 44 40 18 17 23 76 15 13 81 47 30 62 50 88 42 51 53 57 83 6 71 36 64 78 80 46 55 99 25 68 61 4 66 39 38 69 52 72 84 92 10 2 27 90 96 28 67 22 54 
35 95 91 43 77 12 1 41 63 32 14 5 3 82 86 59 73 65 93 56 33 26 60 34 70 11 97 94 0 89 20 85 48 29 74 79 19 37 45 24 8 31 58 75 98 7 9 87 21 49 
17 23 76 15 1 12 77 16 44 35 95 91 18 43 40 62 30 47 81 63 13 41 32 14 5 3 82 86 59 73 65 93 56 33 6 83 57 51 53 42 88 49 54 21 22 87 79 19 37 9 
36 71 64 78 80 46 55 99 25 68 61 4 66 39 38 69 52 72 84 92 10 2 27 90 96 98 7 28 31 58 75 97 11 70 26 60 34 8 24 45 89 0 94 20 85 48 29 74 67 50 
17 23 76 15 1 12 77 16 44 35 95 91 18 43 40 62 30 47 81 63 13 41 32 14 5 3 82 86 59 73 65 93 56 33 6 83 57 51 53 42 88 49 54 21 22 87 36 71 46 80 
37 19 79 29 74 68 25 99 55 61 4 66 39 38 69 52 72 84 92 10 2 27 90 96 98 7 28 31 58 75 97 11 70 26 60 34 8 24 45 89 0 94 20 85 48 67 9 64 78 50 
18 91 95 35 44 16 40 77 12 1 41 13 63 81 32 14 5 3 82 86 59 73 65 93 33 83 51 42 88 49 54 21 22 87 23 17 76 15 62 30 47 50 43 79 19 37 74 45 24 8 
38 69 52 72 84 92 10 2 27 90 96 98 7 28 31 58 75 97 11 70 26 60 34 56 6 57 53 71 36 64 78 80 46 55 99 25 68 61 4 66 39 67 9 85 48 29 20 89 0 94 
18 91 95 35 44 16 40 77 12 1 41 13 63 81 32 14 5 3 82 86 59 73 65 93 56 6 57 53 71 36 64 78 80 46 55 99 25 68 61 4 66 67 9 85 48 29 74 20 89 0 
39 38 69 52 72 84 92 10 2 27 90 96 98 7 28 31 58 75 97 11 70 26 60 34 33 83 51 42 88 49 54 21 22 87 23 17 76 15 62 30 47 50 43 79 19 37 45 24 8 94 
19 79 37 85 48 29 74 68 25 99 55 61 4 66 39 38 69 52 72 84 92 10 2 27 90 96 98 7 28 31 58 75 97 11 70 26 60 34 8 24 45 89 0 94 20 9 67 78 80 46 
40 16 44 35 95 91 18 43 17 23 76 15 1 12 77 62 30 47 81 63 13 41 32 14 5 3 82 86 59 73 65 93 56 33 6 83 57 51 53 42 88 49 54 21 22 87 36 71 64 50 
19 79 37 85 48 29 74 68 25 99 55 61 4 66 39 38 69 52 72 84 92 10 2 27 90 96 98 7 28 31 58 75 97 11 70 26 60 34 8 24 45 89 0 94 20 9 67 80 62 30 
41 1 12 77 16 44 35 95 91 18 43 40 17 23 76 15 13 63 81 32 14 5 3 82 86 59 73 65 93 56 33 6 83 57 51 53 42 88 49 54 21 22 87 36 71 64 78 46 47 50 
20 89 0 94 97 11 70 26 60 34 93 56 33 6 83 57 51 53 71 36 64 78 80 46 55 99 25 68 61 4 66 39 38 69 52 72 84 92 10 2 27 90 96 98 7 28 31 58 47 30 
42 88 86 59 73 65 3 82 5 14 32 81 63 13 41 1 12 77 16 44 35 95 91 18 43 40 17 23 76 15 49 54 21 22 87 79 19 37 85 48 29 74 67 9 45 24 8 75 62 50 
20 89 0 94 97 11 70 26 60 34 93 56 33 6 83 57 51 53 42 88 86 73 49 54 21 22 87 36 71 64 78 80 46 55 4 66 69 72 92 2 90 98 75 58 9 85 76 17 62 30 
43 91 18 95 35 44 16 40 77 12 1 41 13 63 81 32 14 5 3 82 59 65 8 24 45 37 19 79 29 74 68 25 99 61 39 38 52 84 10 27 96 7 28 31 67 48 23 15 47 50 
21 22 87 54 49 42 88 86 59 73 65 3 82 5 14 32 81 63 13 51 57 6 33 26 70 11 97 94 0 20 9 67 39 38 69 52 72 84 92 10 2 27 90 96 98 7 28 31 58 75 
44 35 16 40 91 18 95 17 23 76 15 1 12 77 62 30 47 50 41 53 83 56 93 60 34 8 24 45 89 85 48 29 74 79 19 37 71 36 64 78 80 46 55 99 25 68 61 4 66 43 
21 22 87 54 49 42 88 86 59 73 65 3 82 5 14 32 81 63 13 41 1 12 77 16 44 35 95 91 18 43 40 17 23 76 15 62 30 47 50 70 11 97 94 0 89 20 85 48 37 19 
45 24 8 26 60 34 93 56 33 6 83 57 51 53 71 36 64 78 80 46 55 99 25 68 61 4 66 39 38 69 52 72 84 92 10 2 27 90 96 98 7 28 31 58 75 9 67 29 74 79 
22 21 87 54 49 42 88 86 59 73 65 3 82 5 14 32 81 63 13 41 1 12 77 16 44 35 95 91 18 43 40 17 23 76 15 62 30 47 50 51 53 57 83 6 56 33 24 89 0 9 
46 78 80 64 36 71 19 79 37 85 48 29 74 68 25 99 55 61 4 66 39 38 69 52 72 84 92 10 2 27 90 96 98 7 28 31 58 75 97 11 70 26 60 34 93 8 45 20 94 67 
22 21 87 54 49 42 88 86 59 73 65 3 82 5 14 32 81 63 13 50 53 83 56 93 60 34 8 24 45 89 85 48 29 74 79 19 37 71 36 64 78 80 46 55 99 25 68 61 4 66 
47 30 62 12 77 16 44 35 95 91 18 43 40 17 23 76 15 1 41 51 57 6 33 26 70 11 97 94 0 20 9 67 39 38 69 52 72 84 92 10 2 27 90 96 98 7 28 31 58 75 
23 17 76 15 1 12 77 16 44 35 95 91 18 43 40 62 30 47 81 63 13 41 32 14 5 3 82 86 59 73 65 93 56 33 6 83 57 51 53 42 88 49 54 21 22 87 36 71 64 46 
48 85 37 19 79 29 74 68 25 99 55 61 4 66 39 38 69 52 72 84 92 10 2 27 90 96 98 7 28 31 58 75 97 11 70 26 60 34 8 24 45 89 0 94 20 9 67 78 80 50 
23 17 76 15 1 12 77 16 44 35 95 91 18 43 40 62 30 50 51 53 57 83 6 56 93 60 34 26 70 11 97 94 0 89 20 85 48 29 74 79 19 37 45 24 8 33 31 58 75 9 
49 42 88 86 59 73 65 3 82 5 14 32 81 63 13 41 47 54 21 22 87 36 71 64 78 80 46 55 99 25 68 61 4 66 39 38 69 52 72 84 92 10 2 27 90 96 98 7 28 67 
24 8 45 89 0 94 97 11 70 26 60 34 93 56 33 6 83 57 51 53 42 88 86 59 73 65 3 49 87 22 36 71 64 79 19 37 85 48 29 74 67 9 20 2 10 92 90 98 75 58 
50 47 30 62 12 77 16 44 35 95 91 18 43 40 17 23 76 15 1 41 13 63 81 32 14 5 82 54 21 46 78 80 55 99 25 68 61 4 66 39 38 69 52 72 84 27 96 7 28 31 
24 8 45 89 0 94 97 11 70 26 73 59 86 88 42 49 54 21 22 87 23 17 76 15 1 12 77 16 44 35 95 91 18 43 40 62 30 47 81 63 13 41 32 14 5 3 82 65 37 9 
51 53 57 83 6 56 93 60 34 33 71 36 64 78 80 46 55 99 25 68 61 4 66 39 38 69 52 72 84 92 10 2 27 90 96 98 7 28 31 58 75 20 85 48 29 74 79 19 67 50 
25 99 55 61 68 74 29 79 19 37 45 24 8 26 60 34 93 56 6 57 53 71 36 64 78 80 46 87 21 22 54 49 76 23 17 44 35 16 40 91 18 95 43 31 28 7 96 27 10 84 
52 69 38 39 66 4 67 9 85 48 20 89 0 94 97 11 70 33 83 51 42 88 86 59 73 65 3 82 5 14 32 81 63 13 41 1 12 77 15 62 30 47 50 58 75 98 90 2 92 72 
25 99 55 61 68 74 29 79 19 37 85 48 67 9 20 89 45 24 8 33 71 36 64 78 80 46 87 21 22 54 49 42 88 86 59 73 3 5 14 32 81 47 30 62 15 76 23 17 18 43 
53 51 57 83 6 56 93 60 34 26 70 11 97 94 0 31 58 75 98 7 28 96 90 27 2 10 92 84 72 52 69 38 39 66 4 65 82 63 13 41 1 12 77 16 44 35 95 91 40 50 
26 60 34 93 56 33 6 83 73 65 3 82 5 14 32 81 63 13 41 1 12 77 15 62 47 71 64 78 80 46 55 99 25 68 67 9 20 89 0 94 97 11 70 8 24 45 31 58 75 7 
54 21 22 87 53 51 57 59 86 88 42 49 76 23 17 44 35 16 40 91 18 95 43 30 50 36 79 19 37 85 48 29 74 61 4 66 39 38 69 52 72 84 92 10 2 27 90 96 98 28 
26 60 34 93 56 33 6 83 57 51 53 42 88 86 59 73 65 3 82 5 14 32 81 63 13 41 1 12 77 16 44 35 95 91 18 43 40 17 23 76 15 49 54 21 22 87 46 67 62 30 
55 99 25 68 61 4 66 39 38 69 52 72 84 92 10 2 27 90 96 98 7 28 31 58 75 97 11 70 8 24 45 89 0 94 20 85 48 29 74 79 19 37 71 36 64 78 80 9 47 50 
27 90 96 98 7 28 31 58 75 2 10 92 84 72 52 69 38 39 66 4 61 25 99 55 68 67 9 64 78 80 46 36 71 87 21 22 54 49 76 23 17 44 35 16 40 91 18 95 43 47 
56 93 60 34 26 70 11 97 94 0 89 20 85 48 29 74 79 19 37 45 24 8 33 6 83 57 51 53 42 88 86 59 73 65 3 82 5 14 32 81 63 13 41 1 12 77 15 62 30 50 
27 90 96 98 7 28 31 58 75 97 94 89 45 24 8 33 71 36 64 78 80 46 55 4 66 69 72 92 2 67 51 88 86 59 73 65 3 82 5 14 32 81 63 13 41 62 30 47 50 40 
57 83 6 56 93 60 34 26 70 11 0 20 85 48 29 74 79 19 37 68 25 99 61 39 38 52 84 10 9 53 42 49 54 21 22 87 23 17 76 15 1 12 77 16 44 35 95 91 18 43 
28 7 98 90 2 92 72 9 67 85 48 29 74 79 19 37 45 24 8 26 60 34 93 56 33 6 53 87 21 22 54 49 76 23 17 44 35 16 40 91 18 95 43 77 15 47 70 97 94 20 
58 75 96 27 10 84 52 69 38 39 66 4 61 25 99 55 68 78 80 46 64 36 71 57 83 51 42 88 86 59 73 65 3 82 5 14 32 81 63 13 41 1 12 62 30 50 11 0 89 31 
28 7 98 96 75 58 31 97 11 70 26 60 34 8 45 20 94 9 67 85 48 29 74 79 19 37 71 36 64 78 80 46 87 21 22 54 49 76 23 17 44 35 16 40 91 18 95 43 62 30 
59 73 86 88 42 51 53 57 83 6 56 93 33 24 89 0 2 10 92 84 72 52 69 38 39 66 4 61 25 99 55 68 27 90 65 3 82 5 14 32 81 63 13 41 1 12 77 15 47 50 
29 74 79 19 37 85 48 67 9 20 24 33 6 83 57 51 53 42 54 21 22 87 36 71 64 78 80 46 55 99 25 68 61 4 66 39 38 69 52 72 84 92 10 2 27 90 96 98 7 28 
60 34 26 70 11 97 94 0 89 45 8 56 93 73 59 86 88 49 76 23 17 44 35 16 40 91 18 95 43 77 12 1 41 13 63 81 32 14 5 3 82 65 15 62 30 47 50 31 58 75 
29 74 79 19 37 85 67 20 89 0 94 97 11 70 26 60 34 93 56 33 6 51 42 88 86 59 73 65 3 82 5 14 32 81 63 13 41 1 12 62 30 50 8 31 58 75 96 27 10 84 
61 25 99 55 68 48 9 52 69 38 39 66 4 80 78 64 46 36 71 57 83 53 87 21 22 54 49 76 23 17 44 35 16 40 91 18 95 43 77 15 47 24 45 28 7 98 90 2 92 72 
30 47 81 63 13 41 1 15 76 23 17 54 21 22 87 53 51 57 83 6 56 93 60 34 26 70 11 97 94 0 31 58 75 98 7 28 96 90 27 2 10 92 84 72 52 69 38 39 66 67 
62 12 77 16 44 35 95 91 18 43 40 49 42 88 86 59 73 65 3 82 5 14 32 50 33 24 8 45 89 20 85 48 29 74 79 19 37 71 36 64 78 80 46 55 99 25 68 61 4 9 
30 47 62 12 77 16 44 35 95 18 43 54 21 22 87 53 51 57 83 6 56 33 26 70 8 24 45 89 85 48 29 74 79 19 37 71 36 64 78 80 46 55 99 25 68 61 4 66 42 49 
63 13 41 1 15 76 23 17 91 40 81 32 14 5 3 82 86 59 73 65 93 60 34 11 97 94 0 20 9 67 39 38 69 52 72 84 92 10 2 27 90 96 98 7 28 31 58 75 88 50 
31 58 75 98 7 28 96 90 27 2 10 92 84 72 52 69 38 39 66 67 20 0 97 70 26 60 34 93 73 59 86 88 42 49 54 22 76 15 1 12 77 62 30 47 81 63 13 82 3 65 
64 78 80 46 36 71 19 79 37 85 48 29 74 68 25 99 55 61 4 9 89 94 11 8 24 45 33 56 6 83 57 51 53 87 21 23 17 44 35 16 40 91 18 95 43 41 32 14 5 50 
31 58 75 98 7 28 96 90 27 2 10 92 84 72 52 69 38 39 66 4 61 25 99 55 68 74 79 37 45 24 8 33 71 21 54 49 76 15 1 12 77 62 30 47 81 63 32 14 5 67 
65 73 59 86 88 42 51 53 57 83 6 56 93 60 34 26 70 11 97 94 0 89 20 85 48 29 19 64 78 80 46 36 87 22 23 17 44 35 16 40 91 18 95 43 41 13 82 3 50 9 
32 14 5 3 82 63 13 41 1 12 77 16 44 35 95 91 18 43 40 17 23 76 15 49 42 88 86 59 73 65 83 51 71 64 78 87 21 24 8 45 31 58 75 98 96 27 10 84 52 38 
66 4 61 25 99 55 68 74 29 79 19 37 85 48 67 9 20 89 0 94 97 11 70 26 60 34 93 56 33 6 57 53 36 46 80 22 54 81 47 30 62 50 28 7 90 2 92 72 69 39 
32 14 5 3 82 63 13 41 1 12 77 16 44 35 95 91 18 43 40 17 23 76 15 49 54 21 22 87 36 71 64 78 80 46 55 99 25 68 61 4 66 39 38 27 96 7 28 31 47 30 
67 9 85 48 29 74 79 19 37 45 24 8 26 60 34 93 56 33 6 83 57 51 53 42 88 86 59 73 65 70 11 97 94 0 89 20 2 10 92 84 72 52 69 90 98 75 58 81 62 50 
33 56 93 60 34 26 70 11 97 94 0 89 20 85 48 29 74 79 19 37 45 24 8 71 36 64 78 80 87 21 53 51 57 83 6 73 3 5 14 32 81 47 30 62 15 76 23 17 18 43 
68 25 99 55 61 4 66 39 38 69 52 72 84 92 10 2 27 90 96 98 7 28 31 58 75 9 67 46 22 54 49 42 88 86 59 65 82 63 13 41 1 12 77 16 44 35 95 91 40 50 
33 56 93 60 34 26 70 11 97 94 0 89 20 85 48 67 9 52 72 84 92 10 2 27 90 96 98 7 28 31 58 75 6 83 57 51 53 76 23 17 44 35 16 40 91 18 95 43 62 30 
69 38 39 66 4 61 25 99 55 68 74 29 79 19 37 45 24 8 71 36 64 78 80 46 87 21 22 54 49 42 88 86 59 73 65 3 82 5 14 32 81 63 13 41 1 12 77 15 47 50 
34 60 26 8 24 45 33 56 93 73 59 86 88 42 51 53 57 83 6 65 3 82 5 14 32 81 63 13 41 1 12 77 16 44 35 95 91 18 43 40 17 23 76 15 49 54 21 22 62 30 
70 11 97 94 0 89 20 85 48 29 74 79 19 37 71 36 64 78 80 46 55 99 25 68 61 4 66 39 38 69 52 72 84 92 10 2 27 90 96 98 7 28 31 58 75 9 67 87 47 50 
34 60 26 70 11 97 94 0 89 20 85 48 29 74 79 19 37 45 24 8 33 56 93 73 59 86 88 42 51 53 57 83 6 65 3 82 5 14 32 81 63 13 41 1 12 77 15 62 30 47 
71 36 64 78 80 46 55 99 25 68 61 4 66 39 38 69 52 72 84 92 10 2 27 90 96 98 7 28 31 58 75 9 67 87 21 22 54 49 76 23 17 44 35 16 40 91 18 95 43 50 
35 44 16 40 91 18 95 17 23 76 15 1 12 77 62 30 47 81 63 13 41 32 14 5 3 82 86 59 73 65 49 87 22 36 71 64 79 19 37 85 48 29 74 67 9 20 89 0 8 50 
72 84 92 10 2 27 90 96 98 7 28 31 58 75 97 11 70 26 60 34 93 56 33 6 83 57 51 53 42 88 54 21 46 78 80 55 99 25 68 61 4 66 39 38 69 52 94 45 24 43 
35 44 16 40 91 18 95 17 23 76 15 1 12 77 62 30 47 81 63 13 41 32 14 5 3 82 65 33 24 8 71 64 78 55 25 68 67 9 52 69 84 10 27 96 7 28 31 87 21 43 
73 59 86 88 42 51 53 57 83 6 56 93 60 34 26 70 11 97 94 0 89 20 85 48 29 74 79 19 37 45 36 46 80 99 61 4 66 39 38 72 92 2 90 98 75 58 49 54 22 50 
36 71 64 78 80 46 55 99 25 68 61 4 66 39 38 69 52 72 84 92 10 2 27 90 96 98 7 28 31 58 75 45 24 8 87 21 22 54 49 76 23 17 44 35 16 40 91 18 95 43 
74 29 79 19 37 85 48 67 9 20 89 0 94 97 11 70 26 60 34 93 56 33 6 83 57 51 53 42 88 86 59 73 65 3 82 5 14 32 81 63 13 41 1 12 77 15 62 30 47 50 
36 71 64 78 80 46 55 99 25 68 61 4 66 39 38 69 67 48 29 74 20 89 0 94 97 11 70 33 6 57 53 87 21 22 54 49 76 23 17 44 35 16 40 91 18 95 43 77 15 47 
75 98 7 28 31 58 96 90 27 2 10 92 84 72 52 9 85 37 19 79 45 24 8 26 60 34 93 56 83 51 42 88 86 59 73 65 3 82 5 14 32 81 63 13 41 1 12 62 30 50 
37 19 79 29 74 68 25 99 55 61 4 66 39 38 69 52 72 84 92 10 2 27 90 96 98 7 28 31 58 75 97 11 70 26 60 34 8 24 45 89 0 94 20 85 48 67 9 46 62 30 
76 23 17 44 35 16 40 91 18 95 43 77 12 1 41 13 63 81 32 14 5 3 82 86 59 73 65 93 56 33 6 83 57 51 53 42 88 49 54 21 22 87 36 71 64 78 80 15 47 50 
37 19 79 29 74 68 25 99 55 61 4 66 39 38 69 52 72 84 92 10 2 27 90 96 98 7 28 31 58 75 97 11 70 26 60 34 8 24 45 89 0 94 76 17 44 35 95 18 62 47 
77 12 1 41 13 63 81 32 14 5 3 82 86 59 73 65 93 56 33 6 83 57 51 53 42 88 49 54 21 22 87 36 71 64 78 80 46 48 85 67 9 20 23 15 16 40 91 43 30 50 
38 69 52 72 84 92 10 2 27 90 96 98 7 28 31 58 75 97 11 70 26 60 34 93 56 33 6 83 57 51 53 42 88 49 54 21 22 87 23 17 76 15 1 12 77 16 44 35 95 18 
78 80 46 64 36 71 19 79 37 85 48 29 74 68 25 99 55 61 4 66 39 67 9 20 89 0 94 45 24 8 73 59 86 65 3 82 5 14 32 81 63 13 41 62 30 47 50 40 91 43 
38 69 52 72 84 92 10 2 27 90 96 98 7 28 31 58 75 97 11 70 26 60 34 93 56 6 57 53 71 36 64 78 80 46 87 21 22 54 49 76 23 17 44 35 16 40 91 18 95 43 
79 19 37 85 48 29 74 68 25 99 55 61 4 66 39 67 9 20 89 0 94 45 24 8 33 83 51 42 88 86 59 73 65 3 82 5 14 32 81 63 13 41 1 12 77 15 62 30 47 50 
39 38 69 52 72 84 92 10 2 27 90 96 98 7 28 31 58 75 97 11 70 26 60 34 93 56 33 6 83 57 53 87 21 22 54 49 76 23 17 44 35 16 40 91 18 95 43 77 15 47 
80 78 64 46 36 71 19 79 37 85 48 29 74 68 25 99 55 61 4 66 67 9 20 89 0 94 45 24 8 51 42 88 86 59 73 65 3 82 5 14 32 81 63 13 41 1 12 62 30 50 
39 38 69 52 72 84 92 10 2 27 90 96 98 7 28 31 58 75 97 11 70 26 60 34 93 56 33 6 83 57 51 53 71 36 64 78 80 46 55 99 25 68 61 4 66 67 9 89 94 8 
81 63 13 41 1 12 77 16 44 35 95 91 18 43 40 17 23 76 15 49 42 88 86 59 73 65 3 82 5 14 32 47 30 62 50 54 21 22 87 79 19 37 85 48 29 74 20 0 45 24 
40 16 44 35 95 91 18 43 17 23 76 15 49 42 88 86 59 73 56 33 6 83 57 51 53 71 36 64 78 80 46 55 99 25 68 61 4 66 39 38 69 52 72 84 92 10 2 9 87 21 
82 3 5 14 32 81 63 13 41 1 12 77 62 30 47 50 65 93 60 34 26 70 11 97 94 0 89 20 85 48 29 74 79 19 37 45 24 8 31 58 75 98 7 28 96 90 27 67 22 54 
40 16 44 35 95 91 18 43 17 23 76 15 1 12 77 62 30 47 50 41 54 21 46 78 80 55 99 25 68 61 4 66 39 38 69 52 72 84 92 10 2 27 90 96 98 7 28 31 58 75 
83 6 57 51 53 42 88 86 59 73 65 3 82 5 14 32 81 63 13 49 87 22 36 71 64 79 19 37 85 48 29 74 67 9 20 89 0 94 97 11 70 26 60 34 93 56 33 24 8 45 
41 1 12 77 16 44 35 95 91 18 43 40 17 23 76 15 13 63 81 32 14 5 3 82 86 59 73 65 93 56 33 6 83 57 51 53 42 88 49 54 21 22 62 30 31 28 7 96 27 10 
84 72 52 69 38 39 66 4 61 25 99 55 68 74 29 79 19 37 85 48 67 9 20 89 0 94 97 11 70 26 60 34 8 24 45 71 36 64 78 80 46 87 47 50 58 75 98 90 2 92 
41 1 12 77 16 44 35 95 91 18 43 40 17 23 76 15 13 63 81 32 14 5 3 82 59 65 70 11 97 94 0 89 20 9 67 39 38 69 52 72 84 92 10 2 90 98 75 58 47 30 
85 48 29 74 79 19 37 45 24 8 26 60 34 93 56 33 6 83 57 51 53 42 88 86 73 49 54 21 22 87 36 71 64 78 80 46 55 99 25 68 61 4 66 27 96 7 28 31 62 50 
42 88 73 65 3 82 5 14 32 81 63 13 41 1 12 77 16 44 35 95 91 18 43 40 17 23 76 15 49 54 21 22 87 46 80 99 61 4 66 39 38 72 92 2 90 98 75 58 47 30 
86 59 56 93 60 34 26 70 11 97 94 0 89 20 85 48 29 74 79 19 37 45 24 8 33 6 83 57 51 53 71 36 64 78 55 25 68 67 9 52 69 84 10 27 96 7 28 31 62 50 
42 88 86 59 73 65 3 82 5 14 32 81 63 13 41 1 12 62 30 50 53 83 56 93 60 34 8 24 45 89 85 48 29 74 79 19 37 71 36 64 78 80 46 55 99 25 68 61 4 66 
87 21 22 54 49 76 23 17 44 35 16 40 91 18 95 43 77 15 47 51 57 6 33 26 70 11 97 94 0 20 9 67 39 38 69 52 72 84 92 10 2 27 90 96 98 7 28 31 58 75 
43 91 18 95 35 44 16 40 77 12 1 41 13 63 81 32 14 5 3 82 86 59 73 65 33 24 8 71 64 78 55 25 68 67 9 52 69 84 10 27 96 7 28 31 87 21 23 17 62 30 
88 42 51 53 57 83 6 56 93 60 34 26 70 11 97 94 0 89 20 85 48 29 74 79 19 37 45 36 46 80 99 61 4 66 39 38 72 92 2 90 98 75 58 49 54 22 76 15 47 50 
43 91 18 95 35 44 16 40 77 12 1 41 13 63 81 32 14 5 3 82 59 65 8 24 45 20 85 48 29 74 79 19 37 68 25 4 66 69 72 92 2 90 98 75 58 9 76 17 62 30 
89 0 94 97 11 70 26 60 34 93 56 33 6 83 57 51 53 42 88 86 73 49 54 21 22 87 36 71 64 78 80 46 55 99 61 39 38 52 84 10 27 96 7 28 31 67 23 15 47 50 
44 35 16 40 91 18 95 17 23 76 15 1 12 77 62 30 47 81 63 13 41 32 14 5 3 82 59 65 8 24 45 89 0 94 20 85 48 29 74 79 19 37 67 9 52 69 38 84 10 50 
90 27 96 98 7 28 31 58 75 97 11 70 26 60 34 93 56 33 6 83 57 51 53 42 88 86 73 49 54 21 22 87 36 71 64 78 80 46 55 99 25 68 61 4 66 39 72 92 2 43 
44 35 16 40 77 12 1 41 63 32 14 5 3 82 86 59 73 65 93 56 33 26 60 34 70 11 97 94 0 89 20 85 48 29 74 79 19 37 45 24 8 31 58 75 98 7 9 87 21 49 
91 18 95 17 23 76 15 13 81 47 30 62 50 88 42 51 53 57 83 6 71 36 64 78 80 46 55 99 25 68 61 4 66 39 38 69 52 72 84 92 10 2 27 90 96 28 67 22 54 43 
45 24 8 26 60 34 93 56 33 6 83 57 51 53 42 88 86 59 73 65 3 82 5 14 32 81 63 13 41 1 12 77 16 44 35 95 91 18 43 40 17 23 76 15 49 54 21 22 62 30 
92 10 2 27 90 96 98 7 28 31 58 75 97 11 70 0 94 89 20 85 48 29 74 79 19 37 71 36 64 78 80 46 55 99 25 68 61 4 66 39 38 69 52 72 84 9 67 87 47 50 
45 24 8 26 60 34 70 11 97 94 0 89 20 85 48 29 74 79 19 37 71 36 64 78 80 46 55 99 25 68 61 4 66 39 38 69 52 72 84 92 10 2 27 90 96 98 7 28 58 9 
93 56 33 6 83 57 51 53 42 88 86 59 73 65 3 82 5 14 32 81 63 13 41 1 12 77 16 44 35 95 91 18 43 40 17 23 76 15 49 54 21 22 87 62 30 47 50 31 75 67 
46 78 80 64 36 71 19 79 37 45 24 8 26 60 34 93 56 33 6 83 57 51 53 42 88 86 59 73 65 3 82 5 14 32 81 63 13 41 1 12 77 16 44 35 95 91 18 43 40 47 
94 0 89 20 85 48 29 74 68 25 99 55 61 4 66 39 38 69 52 72 84 92 10 2 27 90 96 98 7 28 31 58 75 97 11 70 9 67 87 21 22 54 49 76 23 17 15 62 30 50 
46 78 80 64 36 71 19 79 37 85 48 29 74 68 25 99 55 61 4 66 39 38 69 52 72 84 92 10 2 27 90 96 98 7 28 31 58 75 97 11 70 26 60 34 8 24 45 89 0 9 
95 91 18 35 44 16 40 77 12 1 41 13 63 81 32 14 5 3 82 86 59 73 65 93 56 33 6 83 57 51 53 42 88 49 54 21 22 87 23 17 76 15 62 30 47 50 43 20 94 67 
47 30 62 12 77 16 44 35 95 91 18 43 40 17 23 76 15 1 41 13 63 81 32 14 5 3 82 86 59 73 65 93 56 33 6 83 57 51 53 42 88 49 54 21 22 87 36 71 46 80 
96 98 7 28 31 58 75 90 27 2 10 92 84 72 52 69 38 39 66 4 61 25 99 55 68 74 29 79 19 37 85 48 67 9 20 89 0 94 97 11 70 26 60 34 8 24 45 64 78 50 
47 30 62 12 77 16 44 35 95 91 18 43 40 17 23 76 15 1 41 13 63 81 32 14 49 87 22 36 71 64 79 19 37 85 48 29 74 67 9 20 89 0 94 31 58 75 98 7 28 8 
97 11 70 26 60 34 93 56 33 6 83 57 51 53 42 88 86 59 73 65 3 82 5 50 54 21 46 78 80 55 99 25 68 61 4 66 39 38 69 52 72 84 92 10 2 27 90 96 45 24 
48 85 37 19 79 29 74 68 25 99 55 61 4 66 39 38 67 20 0 97 70 26 60 34 93 73 59 86 88 42 49 54 21 22 87 46 76 15 1 12 77 62 30 47 81 63 13 82 3 65 
98 7 28 31 58 75 96 90 27 2 10 92 84 72 52 69 9 89 94 11 8 24 45 33 56 6 83 57 51 53 71 36 64 78 80 23 17 44 35 16 40 91 18 95 43 41 32 14 5 50 
48 85 37 19 79 29 74 78 80 46 64 36 71 57 83 6 56 93 60 34 26 70 11 97 94 0 20 9 67 33 73 59 86 65 3 82 5 14 32 81 63 13 41 12 62 30 47 50 40 18 
99 55 25 68 61 4 66 39 38 69 52 72 84 92 10 2 27 90 96 98 7 28 31 58 75 89 45 24 8 51 53 42 88 49 54 21 22 87 23 17 76 15 1 77 16 44 35 95 91 43 
49 42 88 86 59 73 65 3 82 5 14 32 81 63 13 41 1 12 77 16 44 35 95 91 18 43 40 17 23 76 15 62 30 47 50 54 21 22 87 36 64 78 80 46 74 29 9 89 94 8 
99 55 25 68 61 4 66 39 38 69 52 72 84 92 10 2 27 90 96 98 7 28 31 58 75 97 11 70 26 60 34 93 56 33 6 83 57 51 53 71 19 79 37 85 48 67 20 0 45 24 
49 42 88 86 59 73 65 3 82 5 14 32 81 63 13 41 1 12 77 16 44 35 95 91 18 43 40 17 23 76 15 62 30 47 50 54 21 22 87 36 64 78 80 46 74 29 9 89 94 8 
99 55 25 68 61 4 66 39 38 69 52 72 84 92 10 2 27 90 96 98 7 28 31 58 75 97 11 70 26 60 34 93 56 33 6 83 57 51 53 71 19 79 37 85 48 67 20 0 45 24 
