89 97 0 94 20 26 70 11 8 45 24 74 19 37 68 48 29 85 67 79 36 71 33 93 56 34 60 57 51 83 6 81 82 88 86 5 3 73 63 41 13 47 32 14 30 62 43 16 35 91 89 
92 50 2 10 72 84 31 58 75 9 98 96 90 27 28 7 87 46 80 55 53 99 25 61 4 66 78 39 38 52 69 64 59 65 42 40 23 54 49 22 21 76 15 77 12 1 44 17 95 18 92 
89 97 0 94 20 26 70 11 8 45 24 19 37 48 85 9 67 68 74 29 79 36 71 33 31 60 93 56 96 69 52 28 98 7 75 58 2 72 84 90 27 92 10 38 39 4 55 99 25 61 89 
5 66 80 78 64 13 63 3 32 41 82 14 47 81 12 1 15 76 49 88 59 86 73 65 53 51 42 57 34 83 6 22 46 54 21 18 95 91 17 23 43 77 16 30 50 62 35 44 40 87 5 
77 75 34 1 12 35 44 40 16 17 15 76 23 43 18 91 95 32 81 47 30 63 41 13 62 5 14 82 50 49 54 87 22 21 42 88 86 3 73 59 56 6 83 51 57 53 46 64 36 65 77 
39 96 38 4 66 52 69 9 85 67 48 68 74 55 99 29 25 61 37 19 79 89 94 0 20 2 90 27 98 7 84 10 92 72 58 31 28 97 60 26 70 11 33 8 45 24 93 71 80 78 39 
77 84 57 87 1 12 35 44 40 16 17 15 76 23 43 18 91 95 49 30 71 36 22 46 62 21 52 80 78 64 29 85 48 37 25 68 19 74 79 72 69 61 99 55 39 38 67 66 4 90 77 
82 27 70 5 3 32 81 63 41 13 88 73 65 59 42 86 14 6 54 50 53 51 56 47 83 93 26 34 60 94 89 45 24 8 0 11 97 33 9 20 98 96 28 31 75 58 7 2 92 10 82 
92 55 2 10 72 84 31 58 75 98 96 90 27 28 7 94 89 0 11 97 20 67 9 39 4 66 38 52 69 68 99 25 48 29 85 79 61 81 14 5 1 3 32 12 16 77 50 30 62 47 92 
57 43 6 83 42 53 51 93 33 56 86 73 59 88 76 54 49 22 21 87 36 71 45 70 26 8 24 34 65 60 64 23 74 19 80 78 37 46 41 63 13 82 15 35 44 18 91 40 17 95 57 
92 91 54 2 10 72 84 0 94 90 27 53 64 55 67 9 39 4 66 38 52 69 68 99 25 48 74 78 29 80 61 36 71 46 51 49 42 23 22 21 87 76 15 77 1 44 35 17 95 18 92 
28 43 11 97 7 98 75 31 58 89 96 26 70 45 24 8 79 19 37 20 85 16 33 41 56 93 60 34 57 83 6 40 82 88 59 5 3 86 13 73 81 65 14 32 30 63 62 12 47 50 28 
5 90 64 13 63 3 32 41 82 14 47 81 12 1 15 76 49 88 59 86 73 65 51 42 6 83 34 93 78 53 46 22 54 21 18 95 91 17 23 43 77 16 30 50 62 4 35 44 40 87 5 
45 27 26 8 33 24 11 70 94 0 89 20 29 37 79 19 48 67 85 68 74 36 71 57 56 96 28 31 97 58 60 98 7 75 2 72 84 92 10 9 66 69 38 39 52 61 25 80 55 99 45 
5 13 63 3 32 41 82 14 47 81 12 1 15 76 49 88 59 86 73 65 51 42 57 33 56 83 6 93 26 34 60 22 53 54 21 18 95 91 17 23 43 77 16 30 50 62 35 44 40 87 5 
85 27 48 9 67 74 37 19 79 25 68 29 94 0 89 20 8 24 45 70 11 31 28 97 2 72 84 92 10 52 38 39 61 55 80 99 78 46 64 71 36 69 66 4 90 96 98 7 75 58 85 
39 76 49 38 4 66 52 69 9 85 67 48 71 68 74 55 99 29 25 61 37 19 79 36 46 78 80 53 64 57 42 72 6 56 43 35 51 54 17 23 15 21 95 87 44 22 91 18 40 16 39 
2 50 88 86 93 10 84 92 31 58 75 90 27 98 28 7 96 94 26 24 45 0 8 11 97 20 89 81 34 60 59 83 70 82 3 73 33 5 65 63 41 13 32 14 30 12 77 1 47 62 2 
39 30 71 38 4 66 52 69 9 85 67 48 68 74 55 99 29 25 61 37 19 79 36 46 78 80 53 64 57 6 33 56 42 76 51 54 17 23 15 21 43 35 95 87 44 22 91 18 40 16 39 
0 50 41 88 86 93 94 11 97 20 24 26 45 89 8 34 70 83 73 31 96 28 98 7 75 58 72 2 84 92 10 82 3 59 90 65 27 49 60 14 32 63 13 81 5 62 12 47 77 1 0 
82 89 5 3 32 63 13 88 73 65 59 42 86 49 14 23 50 51 6 56 83 57 53 33 26 70 93 34 60 45 24 8 11 94 0 31 97 20 67 9 28 90 96 7 58 98 75 2 92 10 82 
1 27 87 12 77 15 41 30 47 81 84 61 25 62 78 21 35 44 40 16 17 76 54 38 22 18 36 43 95 91 52 64 71 80 46 29 85 48 37 68 19 74 79 72 69 4 99 39 55 66 1 
82 86 14 5 3 88 32 50 30 47 49 42 73 65 59 6 83 51 57 70 56 93 26 34 60 45 24 8 11 33 48 29 19 69 37 85 52 72 84 0 98 97 75 58 2 92 10 38 27 39 82 
41 66 64 53 54 1 81 15 13 77 12 63 78 87 22 21 36 44 16 62 17 76 23 43 18 91 95 71 35 80 46 74 79 40 94 20 89 90 7 96 28 31 67 9 4 61 99 25 68 55 41 
57 6 83 42 53 51 93 33 56 86 73 59 88 76 54 49 22 21 36 87 71 45 70 26 8 24 11 34 60 89 20 48 37 25 68 74 79 61 99 55 80 39 38 9 52 67 72 84 27 4 57 
5 66 14 32 82 3 64 77 12 41 13 63 81 43 18 91 62 30 47 50 1 44 23 17 65 35 78 46 15 40 16 95 29 19 85 69 94 98 31 97 0 90 96 58 75 28 7 2 92 10 5 
57 6 83 42 53 51 93 33 56 86 73 59 88 76 22 21 54 49 36 87 71 45 70 26 8 24 11 34 60 89 20 37 29 19 67 85 94 31 97 0 92 9 72 52 38 39 10 90 98 7 57 
12 27 15 1 77 35 44 40 16 81 47 30 63 41 13 62 43 18 91 95 3 23 17 65 32 64 5 14 82 50 80 78 46 74 68 48 79 69 66 4 61 25 99 55 84 2 96 28 75 58 12 
28 7 98 75 31 58 2 27 90 96 0 94 11 97 20 89 70 26 45 24 8 56 93 34 60 83 6 33 37 48 85 67 39 9 69 52 72 84 92 10 66 38 61 68 99 25 74 79 29 19 28 
35 4 55 80 78 16 44 18 91 40 17 23 95 1 12 77 76 15 41 81 47 62 30 43 49 54 53 87 22 21 42 88 86 63 3 32 82 13 5 14 50 73 59 57 36 71 51 65 64 46 35 
28 7 98 75 31 58 2 27 90 96 0 94 11 97 20 89 70 26 45 24 8 56 93 34 60 83 6 33 37 48 85 67 39 9 69 52 72 84 92 10 66 38 61 68 99 25 74 79 29 19 28 
76 4 55 80 78 17 23 1 15 54 42 49 13 41 77 12 44 35 18 91 40 95 16 81 30 62 47 63 82 86 88 57 53 51 22 21 71 36 87 65 73 59 3 64 43 14 50 5 32 46 76 
45 26 8 33 24 11 70 94 0 89 20 29 37 79 19 48 67 85 68 74 36 71 6 83 57 73 93 34 60 59 56 51 61 25 99 55 46 64 78 80 9 72 84 92 10 2 27 90 96 7 45 
95 52 86 44 35 18 91 16 40 17 15 76 23 1 12 62 77 43 49 54 53 87 22 21 98 31 97 58 65 28 42 75 88 63 5 32 81 13 41 14 30 50 47 82 3 38 69 39 66 4 95 
45 82 88 93 26 8 33 24 97 11 70 94 0 89 90 67 9 86 73 34 20 28 96 58 31 98 7 75 59 2 65 27 60 42 84 5 3 92 63 13 10 14 32 30 62 12 16 43 95 18 45 
37 50 49 74 29 85 48 19 64 79 36 71 46 4 61 25 99 55 68 78 80 72 69 52 38 6 66 39 51 83 57 56 53 17 23 54 22 21 87 76 1 15 41 81 77 40 35 44 91 47 37 
85 48 9 67 74 37 19 79 61 99 25 68 78 55 29 64 71 36 80 46 53 66 83 33 39 52 69 38 42 57 4 6 51 23 54 22 21 87 76 15 1 41 13 43 40 44 91 17 95 18 85 
0 50 88 86 56 97 94 20 11 89 26 8 24 45 73 93 34 70 31 96 28 98 7 75 58 72 2 84 92 10 82 3 59 90 65 27 49 60 81 14 32 63 5 12 35 16 30 77 62 47 0 
85 14 32 65 73 48 9 67 74 37 19 79 25 68 29 94 0 89 20 8 24 45 70 11 31 28 97 2 72 84 92 10 69 52 38 39 66 4 47 98 7 61 50 34 60 27 90 96 75 58 85 
87 43 54 21 53 22 49 42 51 6 83 57 36 80 78 64 71 99 55 46 26 93 56 33 59 86 88 76 17 23 1 15 77 44 40 35 91 95 18 16 12 41 63 13 82 5 3 30 81 62 87 
2 14 82 65 10 84 92 31 58 75 90 27 98 28 7 96 94 0 11 97 20 89 67 99 25 39 9 4 66 69 52 68 72 61 38 50 47 3 34 73 60 26 8 24 45 70 13 55 32 5 2 
87 43 54 22 53 21 49 42 51 6 83 57 36 78 64 71 80 46 29 85 48 37 19 74 79 33 93 56 59 86 88 76 17 23 1 15 77 44 40 35 91 95 18 16 30 12 41 81 63 62 87 
2 10 84 92 31 58 75 90 27 98 28 7 96 94 0 11 97 20 89 67 9 39 69 52 72 38 4 48 79 19 37 68 85 74 29 64 71 8 56 26 24 45 70 93 34 60 33 99 25 61 2 
76 66 55 80 78 46 23 17 1 15 54 42 49 13 41 77 12 44 35 18 91 40 95 16 81 30 62 47 63 82 86 88 83 57 53 51 22 21 36 87 6 65 73 59 3 43 14 50 5 32 76 
0 94 11 97 52 20 89 28 96 58 31 69 72 98 7 75 2 84 92 38 9 10 90 27 21 87 80 39 4 55 99 25 61 66 81 5 3 65 63 41 13 47 32 14 12 16 77 50 30 62 0 
45 43 33 26 24 8 56 93 34 60 70 29 79 19 37 48 67 85 68 74 36 71 53 51 6 73 59 83 42 57 46 22 78 64 88 82 86 40 76 54 49 1 15 35 44 91 17 95 23 18 45 
0 82 88 56 3 94 11 97 20 24 93 26 45 89 8 34 70 31 96 28 98 7 75 58 72 2 84 92 9 10 59 73 65 90 51 27 5 86 63 13 32 14 60 30 62 12 16 43 95 18 0 
55 50 49 68 25 99 61 79 29 74 78 46 80 64 37 67 85 48 19 71 53 36 83 33 52 39 69 38 57 4 6 66 54 21 22 87 76 42 17 23 1 15 41 81 77 40 35 44 91 47 55 
1 55 80 78 53 12 77 15 63 13 41 81 30 47 62 35 44 40 16 17 23 54 76 88 42 49 3 82 50 5 32 14 4 61 39 87 22 21 43 36 18 91 95 38 51 66 64 52 71 46 1 
34 69 93 26 70 60 33 6 56 59 86 73 65 57 83 45 24 8 11 97 31 96 98 58 75 28 7 20 89 0 2 94 29 37 79 19 48 9 67 99 25 68 74 85 72 92 27 84 10 90 34 
1 61 80 78 12 77 15 63 13 41 81 30 47 62 35 44 40 16 17 23 54 76 88 42 49 86 3 82 5 32 50 14 73 59 55 51 57 53 22 21 36 87 43 18 95 91 64 71 46 65 1 
96 4 7 98 27 90 31 97 28 2 75 94 58 72 84 92 10 89 0 70 11 20 48 85 67 39 9 66 38 69 52 25 99 74 29 79 24 26 45 8 6 56 93 34 60 83 33 68 19 37 96 
41 80 81 13 63 1 77 12 30 62 47 23 76 15 18 91 35 44 17 16 40 95 49 88 42 86 65 82 3 5 32 50 14 78 73 59 51 53 87 54 22 21 64 36 46 71 6 83 57 43 41 
98 55 75 28 7 90 96 31 58 92 10 2 27 0 94 11 97 20 89 70 60 26 33 45 24 8 56 93 34 67 9 39 69 52 72 84 38 48 74 29 79 19 37 99 25 68 85 61 66 4 98 
41 34 81 13 63 1 77 12 30 62 47 23 76 15 18 91 35 44 17 16 40 95 49 88 42 65 86 82 3 5 32 50 14 73 59 87 43 54 22 21 69 27 90 96 98 28 31 75 58 7 41 
79 66 19 29 74 85 48 37 78 64 71 36 61 25 99 55 80 46 9 67 68 89 97 20 8 26 24 45 33 57 83 56 6 53 51 60 93 70 11 94 0 2 72 84 92 10 52 38 39 4 79 
5 14 32 82 3 13 63 88 59 86 73 65 42 49 54 23 76 51 69 56 6 83 57 52 72 84 93 70 26 34 60 45 24 8 11 94 0 96 98 97 31 90 58 75 28 7 2 92 10 27 5 
62 66 22 21 12 30 41 81 47 77 18 15 1 43 35 44 16 91 40 95 17 50 36 87 53 33 71 80 78 74 64 19 79 46 29 48 37 85 9 89 20 61 25 68 67 55 4 99 38 39 62 
5 61 80 46 14 32 82 3 41 12 13 63 81 62 30 47 50 1 15 76 49 88 53 59 86 73 65 51 42 71 57 56 83 6 55 22 54 21 18 95 91 44 17 23 43 35 40 77 16 87 5 
28 4 31 58 27 90 96 98 7 75 0 94 11 97 84 92 10 2 20 89 70 26 45 24 8 93 34 60 33 37 48 85 67 39 9 66 69 52 72 38 68 99 74 64 79 29 19 78 36 25 28 
12 61 15 1 77 35 44 40 16 30 62 76 23 18 91 95 17 22 21 36 54 87 49 33 71 53 43 50 24 79 19 37 64 80 78 46 29 27 68 74 85 67 48 4 99 25 20 66 55 10 12 
5 90 32 14 82 3 41 13 63 47 81 88 26 59 86 73 65 56 57 51 42 83 6 93 70 34 60 45 8 11 94 0 97 96 98 31 58 75 28 7 2 92 89 72 84 9 69 38 39 52 5 
12 64 22 21 15 1 77 35 44 40 16 81 47 30 63 41 13 62 76 23 18 91 95 17 54 49 3 82 5 32 25 80 78 74 14 46 43 50 61 68 29 99 55 39 52 9 67 69 38 4 12 
93 66 33 56 34 70 60 45 24 8 26 57 83 6 59 86 65 42 88 73 36 71 51 87 53 79 19 37 48 85 72 84 94 0 89 20 98 28 31 11 97 96 75 58 7 2 92 10 27 90 93 
35 80 78 64 16 44 18 91 40 17 23 95 1 12 77 76 15 41 81 47 62 30 43 49 54 53 87 22 21 42 88 50 3 63 32 82 13 5 14 61 25 99 55 68 46 39 38 52 9 4 35 
26 66 93 34 70 60 33 56 45 89 24 8 11 94 0 31 97 20 29 37 79 19 48 67 85 74 36 71 51 57 72 84 83 6 59 7 65 86 73 69 90 96 28 58 98 75 2 92 10 27 26 
40 77 16 17 44 97 70 93 65 1 12 81 47 30 62 32 63 82 13 86 59 88 14 5 3 50 26 45 8 11 33 24 60 34 0 94 89 9 20 38 39 52 67 90 98 28 31 75 58 7 40 
91 27 15 76 54 23 18 41 35 53 49 95 87 22 21 6 83 57 73 43 51 56 42 61 64 71 36 92 84 80 78 46 29 85 48 37 69 4 19 74 72 66 10 2 79 25 99 55 68 96 91 
76 96 98 34 60 17 23 1 15 54 42 49 13 41 77 12 44 35 18 91 40 95 16 81 30 62 47 63 82 86 73 59 88 57 53 65 51 22 3 43 21 87 58 5 28 50 75 32 7 14 76 
64 90 36 71 80 46 78 19 79 29 74 85 48 37 61 4 99 25 67 68 39 55 89 20 9 8 24 45 33 56 83 6 93 26 70 31 97 11 94 0 2 27 72 84 92 10 69 66 52 38 64 
76 90 65 17 23 1 15 54 42 49 13 41 77 12 44 35 18 91 40 95 16 81 30 62 47 63 82 86 73 59 88 83 57 53 51 22 3 43 21 87 96 98 75 58 5 7 50 32 14 4 76 
79 27 85 48 29 37 19 68 74 78 64 71 36 61 25 99 55 80 46 8 24 45 89 20 9 39 67 94 0 11 70 34 60 26 93 56 33 6 31 28 97 2 72 84 92 10 69 66 52 38 79 
95 75 34 44 35 18 91 16 40 17 15 76 23 1 12 62 77 43 49 54 53 87 22 21 42 88 86 63 5 32 81 13 41 14 30 50 47 82 3 73 59 56 6 83 51 36 60 93 57 65 95 
39 96 52 38 4 66 69 9 85 67 48 68 74 55 99 29 25 61 37 19 79 89 94 0 20 2 90 27 98 7 84 10 92 72 58 31 28 97 26 70 11 33 8 45 24 46 78 64 71 80 39 
95 75 34 44 35 18 91 16 40 17 15 76 23 1 12 62 77 43 49 54 53 87 22 21 42 88 86 63 5 32 81 13 41 14 30 50 47 82 3 73 59 56 6 83 51 36 60 93 57 65 95 
69 96 52 4 66 39 38 84 72 48 85 67 9 68 74 55 99 29 25 61 37 19 79 89 94 0 20 92 90 27 10 98 7 2 58 31 28 97 26 70 11 33 8 45 24 46 78 64 71 80 69 
37 74 29 85 48 19 64 79 36 71 8 24 45 94 0 20 11 89 9 67 61 99 25 68 55 46 80 78 33 26 70 31 28 97 58 98 7 2 90 27 72 84 92 10 69 52 38 39 66 4 37 
35 96 75 34 60 44 40 16 18 91 23 17 95 1 12 77 76 15 41 81 47 62 30 43 49 54 53 87 22 21 42 88 86 63 3 32 82 13 5 14 50 73 59 93 56 6 83 51 57 65 35 
37 74 29 85 48 19 64 79 36 71 8 24 45 94 0 20 11 89 9 67 61 99 25 68 55 46 80 78 33 26 70 31 28 97 58 98 7 2 90 27 72 84 92 10 69 52 38 39 66 4 37 
12 96 75 34 60 93 41 1 77 35 44 40 16 47 81 30 62 15 23 76 18 91 95 17 63 32 82 13 42 49 51 53 22 21 54 87 88 86 5 14 3 50 59 43 6 83 57 73 65 56 12 
0 87 46 97 94 20 11 89 26 8 24 45 70 80 55 99 78 25 31 96 28 98 7 75 58 72 2 84 92 9 10 90 27 22 68 14 74 29 48 85 61 39 4 67 66 38 47 69 52 50 0 
59 43 73 42 86 88 51 57 33 56 83 6 60 93 65 5 32 63 82 3 81 13 41 49 53 64 36 79 19 71 37 34 54 76 15 77 12 1 44 18 91 23 17 35 40 16 95 21 30 62 59 
0 97 94 20 11 89 26 8 24 45 70 31 96 28 98 7 75 58 72 2 84 92 9 10 90 27 74 29 48 85 67 99 79 19 71 37 33 73 93 56 34 60 6 78 64 25 68 38 39 52 0 
18 69 61 80 40 35 95 43 91 16 44 76 23 17 41 77 1 12 15 54 42 49 32 5 81 63 13 14 47 50 62 82 30 88 53 51 87 21 46 22 36 83 65 86 59 4 57 3 66 55 18 
87 54 21 53 22 49 42 51 6 83 57 36 78 64 71 80 46 29 85 48 37 19 74 79 33 70 93 56 65 73 94 89 26 45 20 24 8 84 52 66 61 4 25 39 68 10 75 90 28 58 87 
16 92 34 60 44 35 40 1 12 77 15 76 23 81 17 95 62 43 11 41 18 47 30 91 0 31 32 97 63 5 82 13 86 59 88 50 14 3 99 72 55 9 67 69 38 2 27 96 98 7 16 
87 30 54 21 53 22 49 42 51 6 83 57 36 99 55 78 64 71 4 61 39 80 46 84 72 74 25 68 52 69 66 38 10 2 27 96 7 28 40 17 23 15 76 43 35 44 91 95 18 16 87 
8 50 26 45 33 24 11 70 94 0 89 20 29 37 79 19 9 67 48 85 31 97 56 73 93 34 60 82 86 88 5 3 65 63 13 59 14 32 62 1 92 41 81 12 77 90 47 98 75 58 8 
87 54 22 53 21 49 42 51 56 6 83 57 33 26 45 8 24 93 59 50 86 88 76 17 23 1 15 77 44 40 35 91 95 18 16 12 41 63 13 82 5 3 32 65 81 30 47 62 43 14 87 
64 75 80 46 78 19 79 29 74 37 71 36 61 25 99 55 67 85 48 68 38 39 66 4 9 94 0 11 89 20 70 34 73 60 31 28 97 58 98 96 7 2 90 27 72 84 92 10 69 52 64 
87 54 22 53 21 49 42 51 6 83 57 36 78 64 71 80 46 29 85 48 37 19 74 79 89 97 24 70 33 93 56 86 73 59 26 0 8 92 84 25 72 69 66 4 68 10 2 55 90 98 87 
62 27 65 12 47 30 41 1 77 35 44 16 91 40 95 17 15 13 5 32 14 81 82 63 50 18 23 88 76 43 11 34 60 3 45 94 9 20 52 38 39 67 61 99 96 28 31 75 58 7 62 
76 96 75 34 60 93 23 17 1 15 54 42 49 13 41 77 12 44 35 18 91 40 95 16 81 30 62 47 63 82 86 88 56 6 83 57 53 59 51 22 21 87 73 65 14 50 5 3 32 43 76 
37 90 29 48 85 74 79 64 19 36 71 8 24 45 94 0 20 11 89 9 67 61 99 25 68 55 46 80 78 33 26 70 31 28 97 58 98 7 2 27 72 84 92 10 69 52 38 39 66 4 37 
76 23 17 12 1 15 77 44 35 18 91 40 95 16 22 71 51 53 36 21 46 54 87 43 50 30 92 78 47 64 62 84 52 38 74 29 48 37 99 79 19 72 69 4 55 39 80 66 10 2 76 
88 27 49 42 73 59 86 3 82 32 63 81 41 13 14 5 93 65 56 26 33 57 83 6 70 34 60 45 24 8 11 0 97 89 20 67 85 61 25 68 9 94 90 96 98 28 31 75 58 7 88 
45 26 24 8 11 70 94 0 89 20 29 37 79 19 48 67 85 68 74 36 71 6 33 93 56 51 57 83 34 96 98 60 31 28 97 75 58 7 2 27 72 84 92 10 9 69 38 39 52 4 45 
30 90 80 78 64 53 62 50 47 1 77 12 41 63 81 14 32 13 15 35 16 40 44 17 76 23 43 18 91 95 49 88 73 42 86 82 65 3 25 99 59 5 66 61 55 54 46 87 22 21 30 
45 66 26 24 8 11 70 94 0 89 20 29 37 79 19 48 67 85 99 25 68 74 55 78 9 69 28 58 31 98 7 75 97 92 10 2 72 52 84 38 96 90 27 40 18 39 4 61 50 47 45 
57 43 6 83 42 51 71 53 93 56 33 73 86 88 65 59 34 60 80 64 23 49 54 22 36 87 46 21 76 15 41 13 63 81 82 14 5 1 3 32 12 77 44 35 17 91 95 16 30 62 57 
55 30 29 68 25 99 61 79 74 78 46 80 64 37 48 19 71 36 24 45 33 57 83 6 51 53 49 54 21 87 22 88 63 86 42 56 73 93 82 13 15 44 43 17 95 35 91 18 40 16 55 
38 50 65 34 70 39 52 69 9 67 4 66 3 2 10 92 84 72 94 0 89 20 8 85 5 11 97 58 28 31 98 75 96 7 59 26 27 90 60 23 76 1 41 14 32 81 62 12 47 77 38 
55 68 25 99 61 79 29 74 78 46 80 90 64 37 67 85 48 19 8 71 36 45 20 9 72 52 38 69 39 66 4 97 94 0 11 89 2 27 84 10 92 28 96 58 31 98 7 75 43 18 55 
57 50 6 83 42 53 51 93 33 56 86 73 59 88 76 54 49 22 21 87 26 70 24 34 60 5 82 3 65 63 41 13 1 15 44 17 95 23 77 12 81 47 14 32 30 62 40 16 35 91 57 
34 14 32 3 30 93 26 70 60 33 6 56 59 86 73 65 83 45 24 8 11 97 31 96 98 58 75 28 7 20 89 0 2 94 29 37 79 19 9 67 48 25 85 72 92 27 84 10 47 90 34 
22 50 62 87 54 21 51 57 53 42 49 76 17 23 1 15 77 44 40 35 91 95 18 16 12 41 63 13 82 5 88 81 78 52 61 64 71 36 69 4 99 39 55 80 46 68 38 74 66 43 22 
34 41 93 26 70 60 33 6 56 59 86 73 65 42 51 57 83 45 24 8 11 92 97 31 96 98 58 75 28 7 2 0 94 3 27 90 82 88 32 14 63 30 13 81 5 62 12 47 77 1 34 
25 50 49 21 61 74 55 99 29 68 85 37 48 19 71 79 36 46 78 80 64 72 9 67 52 69 38 39 66 4 10 89 76 53 54 84 20 87 17 23 15 43 22 44 35 91 18 40 95 16 25 
96 55 7 98 27 90 31 97 28 2 75 94 58 72 84 92 10 48 85 20 89 9 0 11 67 54 39 66 38 69 52 99 25 68 61 4 82 81 14 5 30 1 3 47 32 62 43 40 16 35 96 
33 50 56 26 93 57 51 83 6 45 70 8 24 34 60 88 86 59 65 73 49 53 42 36 23 22 71 74 29 79 78 64 19 37 80 46 87 21 76 15 12 41 13 63 77 18 44 91 17 95 33 
96 18 55 7 98 27 90 31 97 28 2 75 94 58 72 84 92 10 48 85 89 0 70 11 20 67 39 9 66 38 69 52 25 99 68 74 29 61 4 40 16 30 81 47 63 13 32 50 14 62 96 
6 43 57 83 93 33 56 59 73 42 51 36 71 53 88 86 65 60 79 19 37 26 45 24 8 34 5 82 3 49 23 54 22 21 87 80 46 76 64 78 91 35 15 77 12 1 41 44 17 95 6 
98 46 80 72 92 9 10 2 27 90 96 28 7 21 87 52 22 84 74 29 48 85 67 79 19 37 55 99 25 68 61 39 4 66 78 69 38 41 14 32 5 15 35 23 44 16 91 18 40 95 98 
31 43 0 58 75 94 97 70 11 45 20 89 56 26 24 8 93 34 60 57 83 6 33 36 64 71 51 53 73 88 86 59 3 65 42 54 49 63 1 13 82 81 76 17 77 30 62 12 50 47 31 
98 55 75 28 7 90 96 31 58 92 10 2 27 0 94 11 97 20 89 70 60 26 37 45 24 8 48 85 67 39 9 66 69 52 72 84 4 38 68 74 64 79 29 19 78 46 36 99 25 61 98 
86 43 59 65 73 42 88 5 41 3 82 13 63 81 32 14 49 51 71 6 33 56 83 57 93 34 53 54 76 15 77 12 62 1 18 91 44 23 17 35 40 16 95 22 80 21 87 50 30 47 86 
79 49 19 29 74 85 48 37 78 64 71 36 61 25 99 55 80 46 51 83 92 84 72 43 17 39 67 4 68 52 69 57 53 23 54 21 87 22 66 1 76 15 38 95 44 16 35 18 91 40 79 
26 50 81 93 60 6 70 34 33 56 45 89 24 8 11 10 94 0 31 97 20 9 2 73 27 90 96 7 28 58 98 75 59 86 65 42 88 5 3 82 63 41 13 47 32 14 30 62 12 77 26 
79 41 85 48 19 64 29 74 37 36 71 8 88 24 45 97 94 0 70 11 89 20 26 33 57 83 56 6 42 53 51 93 73 65 60 76 54 15 49 50 63 13 82 81 14 5 47 3 32 30 79 
99 43 68 61 25 46 78 55 84 72 52 4 80 34 27 2 9 67 10 92 69 38 39 66 90 86 96 7 75 28 58 31 98 59 17 44 23 95 21 87 22 35 91 18 40 16 77 62 12 1 99 
81 84 89 30 47 32 3 13 63 41 5 14 82 59 88 42 73 65 86 33 6 83 57 51 53 28 26 56 93 70 34 60 45 24 31 8 11 94 0 96 98 97 75 58 7 2 92 10 27 90 81 
1 72 77 62 15 12 35 44 40 16 87 21 17 23 54 76 49 22 43 50 18 78 36 91 95 64 71 80 46 29 85 48 37 68 19 74 79 9 67 20 61 4 55 39 99 25 69 52 38 66 1 
62 12 30 47 40 35 44 16 77 1 5 14 32 50 87 22 21 54 83 43 18 91 24 11 33 60 93 8 56 78 61 25 99 55 80 64 46 89 72 90 38 96 58 31 98 7 75 94 84 4 62 
41 66 81 63 13 76 23 15 95 17 49 88 42 73 86 82 65 3 59 6 51 57 36 71 53 26 70 34 45 85 48 68 29 79 19 37 74 20 69 28 97 0 67 39 9 52 92 10 27 2 41 
28 40 73 31 58 27 90 96 98 7 75 0 94 11 97 84 92 10 2 20 89 56 93 34 60 70 26 4 39 67 9 66 69 82 3 65 52 72 38 16 81 32 14 63 30 5 62 12 47 50 28 
46 43 80 64 78 19 71 36 79 29 74 61 25 99 55 85 48 68 37 51 6 33 8 24 45 83 57 53 49 54 21 87 22 88 86 59 42 76 17 23 1 15 41 13 77 44 35 91 95 18 46 
28 95 80 31 58 27 90 96 98 7 75 91 0 94 11 97 84 92 10 2 20 37 45 89 70 24 26 8 43 48 18 55 85 67 39 9 66 69 52 72 38 68 99 25 74 29 61 4 78 64 28 
59 50 86 65 93 83 6 73 56 57 51 42 88 5 3 82 63 41 13 49 53 36 71 79 19 33 34 60 54 76 15 12 1 81 47 14 32 30 40 77 62 17 23 22 46 21 87 35 16 44 59 
5 32 14 82 3 41 12 13 63 81 62 30 47 50 1 15 76 49 88 59 86 73 65 51 42 57 56 83 6 93 26 34 60 33 22 53 54 21 18 95 91 44 17 23 43 35 40 77 16 87 5 
39 96 38 66 4 52 69 9 85 67 48 68 74 55 99 29 25 61 37 19 79 89 94 0 20 2 90 27 98 7 84 10 92 72 31 28 97 8 70 11 45 46 64 36 71 78 80 24 75 58 39 
5 32 14 82 3 41 12 13 63 81 62 30 47 50 1 15 76 49 88 59 86 73 65 51 42 57 56 83 6 93 26 34 60 22 53 33 54 21 18 95 91 44 17 23 43 35 40 77 16 87 5 
85 46 48 67 20 9 74 29 79 19 37 55 99 25 61 68 69 52 38 66 39 4 78 64 71 36 8 24 45 27 97 94 0 70 11 89 80 92 10 2 84 72 90 28 96 58 31 98 7 75 85 
93 91 33 56 34 70 60 45 24 8 26 57 83 6 59 86 65 42 88 73 51 36 71 53 54 49 82 5 3 32 81 63 41 13 15 17 23 76 40 16 77 1 30 62 12 47 50 14 44 35 93 
99 43 18 95 61 74 68 25 55 78 80 64 37 19 79 9 67 29 85 48 52 69 38 39 4 66 46 21 22 87 27 97 94 0 11 89 20 2 72 10 92 84 90 7 96 75 28 58 31 98 99 
93 33 56 34 70 60 45 24 8 26 57 83 6 59 86 65 42 88 73 51 36 71 53 54 49 82 5 3 32 30 81 63 41 13 15 17 23 76 22 46 21 87 64 12 62 47 1 91 40 16 93 
39 50 80 52 69 4 66 38 9 85 67 48 68 74 55 99 78 29 25 61 37 19 79 14 94 35 77 96 0 89 20 2 90 27 98 7 84 10 92 72 75 58 31 44 28 95 97 11 43 18 39 
26 40 33 56 93 34 45 24 8 83 6 60 59 73 51 57 36 71 74 29 79 19 37 85 78 46 64 53 88 82 86 42 5 3 65 49 23 54 21 87 15 16 12 1 81 50 30 47 35 91 26 
97 43 80 0 70 11 89 94 28 90 96 58 31 98 7 75 2 92 10 27 9 76 22 67 68 20 48 69 52 72 84 38 39 4 55 99 25 61 66 44 41 62 63 14 13 77 32 95 18 17 97 
26 93 34 70 60 33 56 45 89 24 8 11 94 0 31 97 20 67 9 84 92 10 2 27 90 96 7 28 58 98 75 14 5 32 82 3 65 30 63 13 59 86 73 62 69 52 72 38 40 16 26 
64 50 71 36 80 46 78 19 79 29 74 85 48 37 4 61 39 99 66 25 68 55 6 83 57 51 53 49 54 21 87 22 88 42 76 17 23 1 15 41 81 12 77 44 43 35 91 95 18 47 64 
16 80 78 35 44 40 1 12 77 15 76 23 17 95 43 18 91 32 81 47 30 63 41 13 62 5 14 82 50 49 54 87 22 21 42 73 59 88 86 65 3 6 83 57 51 71 64 46 53 36 16 
92 55 10 72 84 90 31 27 98 7 2 28 58 75 96 94 89 0 11 97 20 67 9 39 4 66 38 52 69 48 19 37 68 85 79 74 25 29 8 56 26 24 45 70 93 34 60 33 99 61 92 
16 87 21 35 44 40 1 12 77 15 76 23 17 95 43 18 91 14 81 47 30 41 62 50 61 36 22 78 64 46 71 74 29 85 48 37 69 4 79 19 66 99 10 55 80 90 98 28 58 75 16 
86 92 73 59 42 88 5 3 82 65 56 93 57 51 83 33 6 53 54 49 32 89 63 13 26 70 34 60 45 24 8 11 94 0 31 97 20 84 67 72 9 25 68 38 39 52 2 27 96 7 86 
64 36 71 25 99 55 80 46 78 6 83 57 51 53 49 54 21 87 22 88 86 59 73 42 76 17 23 1 15 13 63 32 14 82 3 65 34 30 27 96 60 28 7 58 91 35 40 44 16 77 64 
79 50 19 74 29 85 48 37 68 61 9 89 20 67 8 26 24 45 93 56 33 70 31 97 11 94 0 2 72 84 92 10 69 52 38 39 66 4 47 81 5 12 90 98 75 62 41 95 43 18 79 
64 40 36 71 80 46 78 19 79 29 74 85 48 37 61 4 99 39 25 67 68 55 8 24 45 33 57 83 6 51 53 49 54 21 87 22 76 42 17 23 1 15 41 81 12 44 35 91 95 18 64 
7 43 16 82 88 56 96 31 58 2 27 90 75 59 26 94 97 98 10 28 60 89 0 70 11 20 66 69 14 3 73 93 34 52 72 9 5 65 63 13 32 84 92 38 77 30 50 62 86 47 7 
79 85 48 29 37 19 68 74 78 64 71 36 61 25 99 55 80 46 8 24 45 89 20 9 39 67 94 96 98 31 0 11 70 26 56 33 57 83 38 72 6 90 93 34 7 97 60 28 84 4 79 
17 66 14 76 23 35 16 44 18 91 40 95 12 77 41 1 15 54 42 49 32 81 63 13 47 50 62 30 43 51 53 87 22 21 75 58 88 82 52 5 3 65 86 73 59 69 92 10 27 2 17 
79 85 48 29 37 19 68 74 78 64 71 36 61 25 99 55 80 46 8 24 45 89 20 9 39 67 97 94 0 11 70 60 26 33 57 83 56 6 92 84 87 53 51 72 52 69 38 66 4 10 79 
1 27 34 77 12 41 15 23 76 35 44 17 16 40 30 81 62 47 32 3 82 13 5 63 50 14 49 42 54 21 18 28 58 43 95 91 31 88 93 65 73 59 86 7 22 2 90 96 98 75 1 
39 52 38 4 66 69 9 85 67 48 25 68 61 3 2 10 92 84 72 5 94 63 13 11 0 89 20 28 31 97 60 26 58 70 98 75 96 7 27 90 1 15 41 14 32 30 81 62 12 47 39 
46 50 64 78 99 55 80 19 71 36 37 79 29 74 8 24 45 33 6 83 51 57 53 49 54 21 87 22 88 82 65 59 73 42 56 34 93 86 76 44 17 23 35 95 91 18 40 16 77 43 46 
39 52 38 4 66 69 9 55 99 78 25 68 67 61 96 34 2 90 27 10 98 7 92 84 72 75 58 31 28 97 54 21 87 22 46 80 82 5 3 32 65 30 62 12 63 1 40 35 44 91 39 
37 50 74 29 79 19 85 20 48 8 24 45 94 0 11 89 70 26 33 36 64 71 6 83 57 93 60 56 53 42 51 86 73 59 88 49 76 17 23 15 41 81 14 13 77 16 43 95 18 47 37 
69 52 4 66 39 38 84 72 89 20 48 85 67 9 61 68 82 5 3 65 63 13 94 14 32 30 12 1 0 41 2 81 90 27 92 98 7 10 28 31 97 70 60 11 96 8 75 58 62 77 69 
46 50 64 80 78 19 71 36 37 79 29 74 25 99 55 21 22 87 51 6 83 57 53 49 54 88 86 59 73 42 33 34 93 26 24 56 45 17 23 15 76 44 43 95 35 91 18 40 16 47 46 
69 52 4 66 39 38 84 72 48 85 67 9 68 74 55 99 29 25 61 37 19 79 89 94 0 20 92 90 27 10 98 7 2 31 28 97 26 70 11 33 8 45 24 46 64 36 71 78 80 96 69 
13 75 58 41 81 32 63 5 82 3 14 1 15 76 49 88 73 59 42 86 65 51 53 87 54 21 18 95 91 17 23 43 77 16 12 30 50 62 57 47 22 35 56 6 83 44 40 34 60 93 13 
35 44 40 16 18 91 23 17 95 1 12 77 76 15 47 62 30 43 53 87 22 21 84 52 64 71 36 80 78 46 29 85 48 37 25 68 19 74 79 72 61 99 55 39 9 67 69 38 4 66 35 
5 50 32 82 3 41 13 63 81 14 88 59 86 73 65 42 49 54 51 70 56 6 83 57 93 26 34 60 94 89 45 24 8 0 11 97 33 20 98 90 96 31 58 75 28 7 2 92 10 27 5 
35 64 44 40 16 18 91 23 17 95 1 12 77 41 76 15 81 47 62 30 43 32 3 63 82 13 5 50 14 61 80 78 46 74 25 68 48 55 4 99 38 39 52 9 92 72 69 84 90 27 35 
57 66 83 6 53 42 51 93 33 56 86 73 59 88 22 21 54 49 87 36 71 45 70 26 8 24 11 34 60 65 85 29 79 19 0 89 20 67 37 28 58 31 7 97 94 10 2 96 98 75 57 
12 80 78 46 41 1 77 35 44 40 16 47 81 30 62 15 23 76 18 91 95 17 63 32 82 13 42 49 51 53 22 21 36 54 87 88 33 86 5 14 3 50 59 43 6 83 57 73 65 56 12 
92 55 10 84 72 90 31 27 98 7 2 28 58 75 96 94 89 0 11 97 20 67 9 39 4 66 38 52 69 48 19 37 68 85 79 74 25 29 64 71 8 26 24 45 70 93 34 99 60 61 92 
12 96 75 34 60 93 41 1 77 35 44 40 16 47 81 30 62 15 23 76 18 91 95 17 63 32 82 13 42 49 51 53 22 21 54 87 88 86 5 14 3 50 59 43 6 83 57 73 65 56 12 
37 90 29 85 48 74 79 64 19 36 71 8 24 45 94 0 20 11 89 9 67 61 99 25 68 55 46 80 78 33 26 70 31 28 97 58 98 7 2 27 72 84 92 10 69 52 38 39 66 4 37 
51 42 88 6 36 71 83 57 53 54 76 49 22 21 87 80 78 64 19 79 46 37 45 70 26 24 8 11 34 60 0 89 20 48 84 72 4 61 39 85 55 99 74 25 69 52 38 66 10 2 51 
73 92 65 86 93 33 56 59 43 18 91 41 32 5 82 13 63 81 3 14 1 15 17 23 77 16 12 30 50 62 47 35 95 44 40 68 29 9 67 28 58 31 98 7 97 94 27 90 96 75 73 
59 73 42 86 88 33 56 57 51 83 6 26 93 34 60 65 14 5 47 32 63 82 3 13 36 27 71 45 89 70 8 24 11 94 0 31 97 20 9 67 85 7 90 96 28 58 98 75 2 10 59 
22 50 54 87 53 21 76 49 17 23 1 15 77 44 40 35 91 95 18 16 30 12 41 81 62 43 92 84 52 38 61 80 78 64 19 79 74 46 25 99 55 68 39 29 48 37 72 69 66 4 22 
18 40 35 95 43 91 16 44 76 23 17 41 77 1 12 15 54 87 22 21 71 50 30 47 62 13 92 84 52 38 61 78 64 36 80 46 29 48 37 19 74 79 72 69 4 25 39 99 66 55 18 
59 27 86 88 42 73 93 65 57 83 6 33 56 53 51 49 89 14 26 82 5 3 32 81 63 70 34 60 45 24 8 11 94 0 31 97 20 9 67 68 85 7 90 96 28 58 98 75 2 10 59 
18 4 80 78 40 35 95 43 91 16 44 76 23 17 41 77 1 12 15 54 42 49 32 5 81 63 13 14 47 50 62 82 30 88 53 51 87 21 46 22 71 36 6 65 86 73 59 83 57 3 18 
94 66 89 0 11 97 96 28 58 31 98 7 75 2 84 92 10 90 27 9 20 24 26 45 8 56 70 93 34 60 33 37 48 85 67 69 52 72 38 39 61 68 74 64 79 55 99 25 29 19 94 
16 4 99 80 44 35 40 1 12 77 15 76 23 17 95 43 18 91 32 81 47 30 63 41 13 62 5 14 82 50 49 54 87 22 21 42 73 59 88 86 65 3 55 78 64 57 46 51 53 36 16 
96 66 7 98 90 27 28 97 31 75 2 58 0 94 11 70 89 20 72 84 92 9 10 39 69 52 38 61 68 48 74 29 67 85 79 19 37 24 56 26 45 8 71 83 6 25 93 34 60 33 96 
16 81 47 1 12 62 77 40 44 35 43 5 14 50 30 42 6 83 57 53 87 11 70 93 73 59 86 65 3 26 33 56 34 60 94 9 8 0 69 67 38 61 4 99 39 25 66 68 55 96 16 
95 90 15 91 49 54 18 41 76 23 17 82 32 63 13 88 51 22 21 64 71 36 80 78 46 29 85 48 37 19 74 79 20 45 89 24 28 58 31 98 7 75 97 27 92 10 2 72 52 84 95 
8 30 26 45 33 24 11 70 94 0 89 74 20 29 37 79 19 48 85 36 71 53 88 42 57 51 83 6 23 54 61 22 55 80 46 76 78 64 4 99 12 1 41 63 13 62 77 91 40 16 8 
2 50 92 10 90 97 31 58 72 84 9 75 27 98 28 7 52 67 96 82 3 73 56 93 60 34 59 86 65 49 21 87 25 68 39 66 69 38 81 32 14 5 15 35 43 44 17 95 18 47 2 
8 66 70 26 45 89 24 94 0 11 97 20 29 37 79 19 48 67 85 61 68 55 74 80 78 46 64 99 25 9 69 52 72 84 92 10 38 2 27 90 96 28 58 31 98 7 75 39 43 4 8 
33 50 6 93 56 51 57 83 36 71 53 42 59 73 65 34 60 82 88 86 5 3 63 13 49 23 54 22 21 87 76 15 1 41 14 32 81 12 77 44 35 17 18 91 40 95 16 30 62 47 33 
64 80 46 78 19 79 29 74 37 71 53 36 4 84 72 61 39 25 99 55 68 92 52 69 6 66 38 88 83 51 57 59 56 42 21 35 17 23 95 87 44 22 91 18 16 77 62 12 43 40 64 
89 50 73 97 94 0 20 26 70 11 33 8 45 24 9 67 48 85 86 65 93 34 27 10 2 90 82 3 96 28 58 31 98 7 75 60 15 76 54 81 41 63 13 1 49 32 14 5 30 47 89 
64 80 46 78 19 79 29 74 37 71 53 36 61 25 99 55 67 85 48 68 38 39 66 4 9 89 31 20 8 24 45 33 56 57 83 6 93 26 70 97 11 94 92 0 10 2 84 72 69 52 64 
18 27 34 60 65 16 44 17 35 95 40 91 43 76 23 41 77 1 12 15 54 42 49 32 5 81 63 13 14 47 50 62 82 30 88 73 59 51 87 21 96 7 28 58 86 22 90 3 98 75 18 
62 61 80 12 47 30 41 1 77 35 44 16 91 40 95 17 15 13 5 32 14 81 82 63 50 23 54 76 53 88 42 49 57 73 86 65 3 55 51 59 78 22 21 36 87 43 18 64 71 46 62 
7 4 75 96 98 31 58 28 92 10 2 27 90 0 94 11 97 20 89 70 26 45 24 8 56 93 34 60 83 6 33 37 48 85 67 39 9 66 69 52 72 84 38 68 99 25 74 79 29 19 7 
62 80 78 64 12 47 30 41 1 77 35 44 16 91 40 95 17 15 13 5 32 14 81 82 63 50 23 54 76 88 42 49 73 86 65 3 59 51 57 53 4 22 21 36 87 46 43 18 69 38 62 
0 66 94 97 11 24 20 45 26 89 8 70 31 96 28 98 7 75 58 72 2 84 92 9 10 90 27 74 29 48 85 67 55 79 19 71 37 33 83 6 93 56 34 60 39 99 25 61 68 52 0 
37 40 29 48 85 74 79 64 19 36 71 8 24 45 20 9 89 61 25 68 67 55 46 80 99 78 6 42 33 93 56 51 57 86 59 17 23 54 49 22 21 87 76 77 15 35 44 91 95 18 37 
28 43 16 98 7 75 31 58 26 2 27 90 96 70 11 0 94 97 4 39 66 69 34 60 83 52 72 84 92 10 53 38 73 81 82 88 5 3 65 63 41 13 32 14 62 12 1 30 50 47 28 
37 30 3 29 48 85 79 64 19 36 71 8 32 24 41 45 94 0 20 11 89 70 26 93 56 33 6 34 75 60 31 28 97 58 98 96 7 2 90 27 72 84 44 92 10 35 40 77 62 47 37 
25 50 61 99 74 55 68 52 69 38 39 4 66 9 67 46 80 78 83 57 51 53 54 21 87 22 42 86 65 59 88 73 49 76 17 23 1 15 81 13 63 82 14 5 12 43 91 16 95 18 25 
88 49 42 73 59 86 3 82 63 81 41 13 14 32 5 65 56 57 51 83 6 53 54 76 15 77 12 1 44 18 91 23 17 35 40 16 95 22 21 87 50 47 90 98 31 58 34 28 60 75 88 
25 43 61 99 29 74 55 68 85 37 48 19 71 79 36 46 78 80 64 9 67 52 69 38 39 66 4 30 0 89 20 8 70 26 24 45 93 33 11 97 94 2 27 10 84 92 72 7 96 62 25 
88 49 42 73 59 86 3 82 63 81 41 13 14 32 5 65 56 57 51 83 6 53 54 76 15 77 12 1 44 18 91 23 17 35 40 16 95 22 21 87 50 47 90 98 31 58 34 28 60 75 88 
25 43 61 99 29 74 55 68 85 37 48 19 71 79 36 46 78 80 64 9 67 52 69 38 39 66 4 30 0 89 20 8 70 26 24 45 93 33 11 97 94 2 27 10 84 92 72 7 96 62 25 
