89 0 11 8 45 24 33 51 49 15 12 16 40 35 91 95 44 77 1 17 43 76 83 26 60 65 34 70 97 31 94 20 67 85 37 79 64 36 46 80 78 74 68 99 55 61 25 29 19 48 89 
92 2 27 96 7 28 93 73 6 57 71 87 22 54 18 23 21 53 59 42 88 13 41 62 47 50 30 81 14 32 63 82 5 3 86 56 58 75 98 90 10 84 9 52 38 66 4 39 69 72 92 
89 0 11 8 45 24 26 60 70 34 97 28 98 75 96 27 10 84 52 38 69 72 92 2 90 7 58 31 94 20 67 39 66 4 9 85 37 79 64 46 78 74 68 99 55 61 25 29 19 48 89 
5 3 86 88 73 65 59 51 53 36 80 71 83 56 33 6 93 57 42 54 76 17 95 18 43 91 35 40 16 44 23 22 87 21 49 82 32 63 41 12 30 50 47 62 77 15 1 13 81 14 5 
77 1 15 23 17 76 54 22 87 21 49 13 63 82 88 42 53 57 6 83 51 59 60 75 27 10 96 34 73 65 86 3 32 5 14 81 41 62 47 50 30 12 16 40 44 95 18 43 91 35 77 
39 4 61 99 80 46 78 55 68 29 79 37 85 67 9 20 45 8 26 56 93 33 24 89 94 31 58 7 2 90 98 28 97 70 11 0 48 19 36 71 64 74 25 66 38 52 84 92 72 69 39 
77 1 15 23 17 76 54 22 46 71 79 74 25 99 68 29 48 67 9 85 37 19 36 78 80 61 66 39 69 38 4 55 64 87 21 49 13 41 62 47 30 12 16 40 44 95 18 43 91 35 77 
82 5 63 81 50 32 14 3 65 73 93 60 34 70 97 28 98 75 96 27 10 84 52 72 92 2 90 7 58 31 11 8 45 89 94 0 20 24 26 56 6 83 57 33 51 53 42 88 59 86 82 
92 2 27 96 7 28 97 65 32 81 30 62 50 47 41 12 16 40 18 35 77 1 63 3 11 0 20 67 39 4 66 69 52 38 9 85 29 46 64 48 89 94 31 58 75 98 90 10 84 72 92 
57 6 56 59 88 82 13 14 5 86 73 93 60 34 70 26 33 8 45 19 74 68 99 80 78 55 61 25 79 37 24 83 51 71 36 53 49 76 15 23 17 95 43 91 44 54 21 22 87 42 57 
92 2 27 31 89 24 8 33 51 49 76 23 44 77 30 16 40 35 91 43 18 95 17 15 54 87 53 83 45 37 85 79 64 71 36 46 80 78 74 29 19 20 94 90 10 84 72 69 38 52 92 
28 7 96 75 58 98 97 70 60 56 59 88 21 22 42 82 3 14 81 13 1 41 62 50 47 12 63 32 5 86 65 73 93 34 26 6 57 11 9 48 68 25 4 39 66 61 55 99 67 0 28 
5 3 86 88 73 65 59 51 53 83 56 6 71 55 4 99 36 57 42 54 76 17 95 18 43 91 35 40 16 44 23 22 87 21 49 82 32 63 41 12 30 50 47 62 77 15 1 13 81 14 5 
45 8 70 97 28 98 75 96 27 92 72 84 10 90 7 31 58 94 89 20 85 37 79 64 78 46 80 74 68 61 25 29 19 48 67 39 66 69 52 38 9 2 0 11 60 93 34 26 33 24 45 
5 3 86 88 73 65 59 51 53 36 71 83 56 34 33 6 93 57 42 54 76 17 95 18 43 91 35 40 16 44 23 22 87 21 49 82 32 63 41 12 30 50 47 62 77 15 1 13 81 14 5 
85 9 89 94 31 58 7 90 2 92 72 52 84 10 27 96 75 98 28 97 11 8 45 24 26 60 70 0 20 67 38 69 66 4 39 48 37 79 64 46 80 78 74 68 99 55 61 25 29 19 85 
39 4 61 99 80 46 78 55 68 29 79 37 85 67 9 48 19 36 71 51 42 87 21 54 22 76 17 95 18 43 91 35 40 16 44 23 15 49 88 59 83 6 57 53 64 74 25 66 38 69 39 
2 10 90 98 75 58 31 94 89 45 8 26 34 60 56 73 65 3 5 14 81 13 1 41 77 62 47 50 30 12 63 32 82 86 93 33 24 20 0 11 70 97 28 7 96 27 92 72 52 84 2 
39 4 61 99 80 46 78 55 68 29 79 37 85 67 9 48 19 36 87 22 54 76 15 17 44 16 40 95 18 43 91 35 23 21 53 42 49 51 71 64 74 25 66 38 52 84 10 92 72 69 39 
0 11 26 24 45 8 60 56 59 88 13 41 12 30 50 47 62 77 1 81 14 32 63 82 3 5 86 83 57 6 33 93 34 65 73 70 97 28 98 75 96 27 2 90 7 58 31 94 89 20 0 
82 5 63 13 81 32 14 3 65 73 93 34 70 97 28 98 75 96 27 10 84 52 72 92 2 90 7 58 31 94 89 20 0 11 60 56 6 83 57 26 8 45 24 33 51 53 42 88 59 86 82 
1 12 16 40 35 91 43 18 95 17 76 49 21 87 46 71 79 74 25 99 68 29 48 67 9 85 37 19 36 78 80 61 66 39 69 38 4 55 64 22 54 23 44 77 15 41 62 30 50 47 1 
82 5 32 47 50 62 16 44 17 95 18 43 91 35 40 30 14 3 65 73 59 93 33 8 89 20 85 68 99 48 67 38 52 84 10 92 72 69 66 39 9 2 28 7 0 26 34 60 56 86 82 
41 13 88 51 83 6 57 24 70 97 94 11 58 98 90 27 96 75 31 45 37 79 74 55 61 4 25 29 19 71 64 80 78 36 53 49 21 87 46 22 54 42 63 81 1 76 23 15 77 12 41 
57 6 56 59 65 73 93 60 34 70 26 33 8 45 89 0 11 97 28 98 75 96 27 90 7 58 31 94 20 85 9 67 48 19 29 68 99 61 25 74 64 79 37 24 83 51 71 53 42 88 57 
5 14 32 81 63 41 1 47 50 30 62 77 44 17 95 18 43 91 35 40 16 12 76 49 21 87 78 36 80 55 66 38 52 84 10 2 92 72 69 39 4 46 22 54 23 15 13 82 3 86 5 
57 6 56 59 88 3 86 65 73 93 60 34 70 26 33 8 45 89 0 11 97 28 98 75 96 27 2 90 7 58 31 94 20 85 9 67 48 19 29 68 25 74 79 37 24 83 51 71 53 42 57 
12 15 76 54 22 46 36 78 80 99 4 39 69 72 92 10 84 52 38 66 61 55 64 87 21 49 17 95 18 43 91 35 40 16 44 23 41 63 82 32 5 14 81 13 1 77 62 47 50 30 12 
28 7 90 2 92 72 9 85 37 79 64 71 36 46 80 78 74 68 99 55 61 4 25 29 19 48 67 52 38 39 69 84 10 27 96 75 31 94 0 20 89 24 8 45 11 34 70 97 58 98 28 
35 16 77 1 76 17 54 42 59 73 56 83 51 87 22 21 53 57 6 33 66 26 60 93 65 86 88 49 23 15 13 63 82 3 32 5 14 81 41 62 47 50 30 12 40 44 95 18 43 91 35 
28 7 90 2 92 72 9 85 37 79 64 71 36 46 80 78 74 68 99 55 61 4 25 29 19 48 67 52 38 39 69 84 10 27 96 75 31 94 0 20 89 24 8 45 11 34 70 97 58 98 28 
76 17 44 77 15 1 13 63 82 86 59 56 83 51 53 57 6 33 66 26 60 93 73 65 3 32 14 5 81 41 62 47 50 30 12 16 40 95 18 43 91 35 23 54 22 87 21 49 88 42 76 
45 8 70 97 28 98 75 96 27 10 84 52 72 92 2 90 7 31 58 94 89 20 85 37 79 64 71 36 46 80 78 74 68 29 19 48 67 9 0 11 60 56 83 57 6 93 34 26 33 24 45 
95 18 43 91 35 40 16 77 15 1 13 63 81 14 5 3 65 73 59 42 53 99 61 66 38 69 39 4 25 55 51 88 86 82 32 41 62 47 50 30 12 44 23 54 22 87 21 49 76 17 95 
45 8 70 97 28 98 90 27 96 75 58 31 94 89 0 11 7 60 56 73 65 3 5 14 81 13 1 41 62 47 50 30 12 63 32 82 86 88 59 83 51 42 53 57 6 93 34 26 33 24 45 
37 19 48 67 38 52 84 10 2 92 72 69 66 4 39 9 20 85 29 68 99 80 46 64 71 87 22 54 23 44 77 16 40 35 91 43 18 95 17 76 15 49 21 36 78 55 61 25 74 79 37 
85 9 39 69 4 25 68 99 80 46 54 17 95 18 43 91 35 40 47 14 5 50 16 44 76 49 22 78 55 61 66 52 84 10 27 96 7 28 34 58 75 98 90 2 92 72 38 67 48 37 85 
0 20 45 71 87 23 1 13 63 82 3 32 81 41 77 62 30 12 15 21 53 57 6 56 59 86 65 73 93 83 42 88 51 36 64 79 74 29 19 8 26 33 24 89 94 31 97 70 60 11 0 
85 9 89 94 31 58 7 90 2 92 72 52 84 10 27 96 75 98 28 97 11 8 45 24 26 34 65 50 47 60 70 0 20 67 38 69 66 4 39 48 37 79 74 68 99 55 61 25 29 19 85 
87 21 54 23 44 77 16 40 35 91 43 18 95 17 76 15 1 62 30 12 41 13 63 82 86 3 32 5 14 81 49 22 53 51 88 42 83 6 36 78 80 46 64 71 33 93 73 59 56 57 87 
2 10 90 98 75 58 31 94 89 45 8 26 34 60 56 3 5 14 81 63 32 82 65 93 33 24 20 9 85 68 4 39 69 52 38 66 61 48 67 0 11 70 97 28 7 96 27 92 72 84 2 
87 22 46 71 79 74 29 37 19 36 78 80 99 25 55 64 21 54 23 44 77 1 13 41 62 47 50 30 12 16 40 35 91 43 18 95 17 76 15 49 88 59 86 73 42 51 53 83 6 57 87 
2 10 90 98 75 58 31 94 89 45 8 34 26 24 20 9 85 37 79 74 68 99 80 46 64 78 55 61 66 39 69 52 38 4 25 29 19 48 67 0 11 70 97 28 7 96 27 92 72 84 2 
76 23 49 42 59 73 65 86 88 53 36 71 57 83 56 60 93 33 6 51 87 22 21 54 17 95 18 43 91 35 40 16 77 44 15 1 13 41 62 81 32 82 3 5 14 63 47 50 30 12 76 
0 11 60 34 3 5 14 81 47 50 30 40 18 91 62 13 41 63 32 82 65 70 97 28 98 75 96 27 10 84 52 38 39 69 72 92 2 90 7 31 58 94 89 85 29 74 48 9 67 20 0 
45 24 33 6 57 71 64 46 80 55 25 4 66 61 68 99 78 36 87 21 54 76 15 12 16 35 43 95 44 77 1 17 23 22 53 42 49 88 51 83 59 86 73 56 93 26 8 37 79 19 45 
0 11 26 24 45 8 60 56 59 88 13 41 12 30 50 47 62 1 81 14 32 63 82 3 5 86 83 57 42 51 6 33 93 34 73 70 97 28 98 75 96 27 2 90 7 58 31 94 89 20 0 
55 25 61 66 38 52 72 92 10 84 69 39 4 68 29 79 37 85 9 67 48 19 64 71 65 53 87 22 54 76 17 35 44 23 15 16 95 18 43 91 40 77 49 21 36 46 80 78 74 99 55 
1 12 30 50 47 62 16 40 35 91 43 18 95 17 23 44 77 15 49 88 59 86 82 5 3 65 75 10 52 38 69 84 2 73 51 71 46 53 42 87 22 21 54 76 41 81 14 32 63 13 1 
34 26 24 45 89 0 11 97 28 98 90 92 72 27 96 7 58 31 94 9 67 20 85 48 19 29 68 99 80 78 55 61 66 39 4 25 74 64 36 79 37 8 93 33 6 57 83 56 60 70 34 
1 12 30 50 47 62 16 40 35 91 43 18 95 17 23 44 77 15 49 88 59 86 82 5 3 65 93 26 34 60 8 24 33 6 57 83 56 73 51 53 42 87 54 76 41 81 14 32 63 13 1 
96 27 2 92 72 9 85 37 79 64 71 36 22 21 46 80 78 74 68 99 55 61 4 25 29 19 48 67 52 38 66 39 69 84 10 90 98 75 58 31 94 0 20 89 45 11 70 97 28 7 96 
41 13 63 82 88 51 83 6 57 53 49 21 87 46 36 78 80 55 64 22 54 42 59 73 65 86 3 32 5 14 81 1 76 17 23 15 77 16 40 35 91 43 18 95 44 12 30 50 47 62 41 
98 28 7 90 2 92 72 9 85 48 67 52 38 66 4 39 69 84 10 27 96 75 31 94 89 45 8 26 34 60 56 93 33 24 37 71 79 74 25 61 99 68 29 19 20 0 11 70 97 58 98 
41 13 63 82 88 51 83 56 93 60 34 26 33 6 57 53 49 21 87 22 54 42 59 73 65 86 3 32 5 14 81 1 76 17 23 15 77 16 40 35 91 43 18 95 44 12 30 50 47 62 41 
79 29 68 99 80 78 46 55 61 66 39 69 52 84 92 2 90 98 28 7 31 94 89 45 8 24 0 11 70 97 58 75 96 27 10 72 38 4 25 74 19 48 67 9 20 85 37 64 71 36 79 
5 14 32 81 63 41 76 23 87 49 13 82 3 65 73 56 83 6 33 8 45 24 70 97 31 94 89 20 9 67 0 28 98 58 75 96 27 10 2 90 7 11 26 34 60 93 59 42 88 86 5 
62 30 50 47 12 16 40 35 91 43 18 95 17 44 77 15 21 22 53 36 78 55 25 4 61 39 66 38 52 84 92 72 69 68 99 80 46 64 19 37 85 48 29 74 79 71 57 51 54 1 62 
5 14 32 81 63 41 1 47 50 30 62 77 44 17 95 18 43 91 35 40 16 12 76 49 88 59 34 73 83 6 67 39 69 38 61 57 51 42 54 23 22 87 53 21 15 13 82 3 65 86 5 
28 31 94 89 45 8 26 60 56 93 33 24 37 79 64 71 36 46 80 78 74 68 66 4 99 55 25 29 19 48 85 20 9 0 11 70 97 58 7 90 2 92 72 52 84 10 27 96 75 98 28 
12 15 76 21 87 46 71 79 74 25 99 68 29 48 67 9 85 37 19 36 78 80 61 66 38 39 4 55 64 22 54 42 53 51 88 49 17 95 18 43 91 35 40 16 44 23 41 13 1 77 12 
5 32 81 30 62 50 47 63 14 3 65 73 93 56 60 34 70 97 28 98 75 96 27 10 84 52 69 72 92 2 90 7 58 31 94 89 20 0 11 26 24 45 8 33 6 83 57 59 86 82 5 
12 15 76 54 22 80 99 68 61 66 38 92 90 28 58 7 2 72 39 4 25 55 21 49 17 95 18 43 91 35 40 16 44 23 41 63 82 65 3 32 5 14 81 13 1 77 62 47 50 30 12 
93 33 6 57 71 79 74 29 48 67 84 27 98 31 75 96 10 52 69 9 85 37 19 64 46 78 36 53 87 42 88 51 83 59 86 73 56 26 24 45 89 0 11 97 94 20 8 60 70 34 93 
35 16 77 1 76 17 54 21 22 87 42 88 51 71 79 74 99 55 61 25 19 64 46 80 78 36 53 49 23 15 13 63 82 3 32 5 14 81 41 62 47 50 30 12 40 44 95 18 43 91 35 
26 34 70 97 28 98 75 96 27 10 84 52 38 66 4 39 69 72 92 2 90 7 58 31 94 89 85 37 29 68 48 9 67 20 0 11 60 93 73 65 86 59 56 83 57 6 33 8 45 24 26 
40 16 77 15 1 13 88 73 60 70 97 28 98 75 96 27 92 84 52 38 69 72 10 90 7 58 31 94 0 2 11 34 56 59 83 51 71 36 87 53 42 82 32 14 63 41 62 30 12 44 40 
91 35 47 50 5 86 6 26 24 45 19 79 64 78 46 80 74 68 99 55 61 66 39 4 25 29 48 67 9 85 37 20 89 8 33 57 93 65 3 81 17 76 49 21 22 54 23 95 18 43 91 
76 17 44 77 15 1 13 63 82 86 59 53 57 58 98 2 72 69 52 92 90 75 73 65 3 32 14 5 81 41 62 47 50 30 12 16 40 95 18 43 91 35 23 54 22 87 21 49 88 42 76 
64 36 19 45 8 70 97 31 94 89 0 28 96 27 84 10 7 11 60 56 83 51 6 93 34 26 33 24 37 85 67 9 20 48 29 68 99 55 61 66 38 39 4 25 74 79 71 78 80 46 64 
76 17 44 77 15 1 13 63 82 86 59 51 53 61 66 38 52 69 39 4 55 57 73 65 3 32 14 5 81 41 62 47 50 30 12 16 40 95 18 43 91 35 23 54 22 87 21 49 88 42 76 
79 37 45 20 0 11 97 28 98 75 96 27 10 84 72 92 2 90 7 58 31 94 89 8 70 60 56 83 6 93 34 26 33 24 71 64 46 80 78 36 19 48 67 9 85 29 68 99 25 74 79 
95 18 43 91 35 40 16 77 15 1 13 63 81 14 5 3 65 73 93 56 6 83 57 34 10 2 33 51 53 42 88 59 86 82 32 41 62 47 50 30 12 44 23 54 22 87 21 49 76 17 95 
39 38 52 67 48 37 79 64 71 36 46 80 78 74 68 99 55 61 25 29 19 85 20 0 11 8 45 24 26 60 70 97 31 94 7 98 90 27 96 75 58 28 89 9 72 92 84 69 66 4 39 
95 18 43 91 35 40 16 77 15 1 13 63 81 14 5 3 65 73 93 56 6 83 34 57 36 46 71 33 51 53 42 88 59 86 82 32 41 62 47 50 30 12 44 23 54 22 21 49 76 17 95 
69 39 4 25 68 29 79 37 85 67 9 20 0 11 8 45 24 26 60 70 97 31 58 7 90 2 92 10 27 96 75 98 28 94 89 48 19 64 87 80 78 74 99 55 61 66 38 52 84 72 69 
37 19 48 67 38 52 84 10 27 96 7 28 75 98 90 2 92 72 69 66 4 39 9 20 45 8 26 33 24 89 94 97 70 11 0 85 29 68 99 80 46 64 71 36 78 55 61 25 74 79 37 
35 40 16 77 15 76 21 87 22 54 42 59 73 56 83 51 53 57 6 60 31 58 34 93 65 86 88 49 1 13 63 82 3 32 14 5 81 41 62 47 50 30 12 44 23 17 95 18 43 91 35 
37 19 48 67 38 52 84 10 27 96 7 28 98 90 2 92 72 69 66 4 39 9 20 45 8 26 56 33 24 89 94 97 70 11 0 85 29 68 99 80 46 64 71 36 78 55 61 25 74 79 37 
12 41 13 81 32 82 88 42 53 57 6 83 51 59 93 34 58 75 31 60 73 65 86 3 5 14 63 1 15 49 54 22 87 21 23 17 76 77 16 40 35 91 43 18 95 44 62 47 50 30 12 
0 20 45 37 79 74 68 29 25 99 85 9 39 61 55 4 66 69 72 84 52 38 67 48 19 8 26 95 18 43 91 33 24 89 94 31 58 7 90 2 92 10 27 96 75 98 28 97 70 11 0 
59 42 51 83 56 60 34 93 6 57 71 36 78 80 46 64 53 21 22 87 49 76 1 13 41 62 47 50 30 77 16 40 35 44 12 15 23 17 54 88 82 5 63 81 32 14 3 86 65 73 59 
0 20 45 37 79 64 71 36 46 80 78 74 68 29 25 99 85 9 39 61 4 66 69 72 52 38 67 48 19 8 26 34 60 33 24 89 94 31 58 7 90 2 27 96 75 98 28 97 70 11 0 
18 43 91 35 40 16 77 15 1 13 63 81 14 5 3 65 73 93 92 84 10 56 6 83 55 57 51 53 42 88 59 86 82 32 41 62 47 50 30 12 44 23 54 22 87 21 49 76 17 95 18 
87 21 54 23 15 13 81 14 63 76 49 22 53 57 36 79 74 25 61 55 99 4 66 38 39 68 29 48 67 9 85 37 19 64 46 80 78 71 6 33 56 8 24 26 93 73 59 83 42 51 87 
16 44 17 95 18 43 91 35 40 77 1 32 5 3 65 60 70 97 28 98 75 96 27 10 84 52 69 72 92 2 90 7 58 31 94 89 45 20 0 11 34 86 88 82 41 62 47 50 30 12 16 
87 21 54 23 44 77 16 40 35 91 43 18 95 17 76 15 1 62 47 50 30 12 41 13 63 82 86 3 32 5 14 81 49 22 53 51 88 42 83 36 78 80 46 64 10 71 6 73 59 57 87 
8 45 89 0 11 97 28 98 75 96 27 92 2 90 7 58 31 94 9 39 69 4 25 68 99 55 61 66 52 84 72 38 67 20 85 48 19 29 74 79 37 24 33 56 65 93 60 34 26 70 8 
87 22 21 54 23 44 77 1 13 63 82 3 32 5 14 81 41 62 47 50 30 12 16 40 35 91 43 18 95 17 76 15 49 88 59 86 65 73 42 51 83 6 93 10 84 92 2 56 57 53 87 
64 46 80 55 99 78 74 79 45 8 70 97 94 89 0 28 98 75 96 27 90 7 58 31 11 60 34 26 33 24 37 71 36 19 48 85 20 9 67 68 61 66 39 69 72 52 38 4 25 29 64 
87 22 46 71 79 74 25 4 39 69 72 92 2 10 84 52 38 66 61 99 68 29 48 85 20 94 9 67 37 24 45 19 36 78 80 55 64 21 54 23 76 49 88 59 86 73 42 51 53 57 87 
62 47 50 81 30 12 16 40 35 91 43 18 95 17 44 77 15 41 63 14 5 65 56 83 6 33 8 89 0 11 31 58 7 90 27 96 75 98 28 97 70 26 34 60 93 3 32 13 82 1 62 
76 23 49 42 59 73 65 86 88 53 57 83 56 34 58 93 33 6 51 87 46 22 21 54 17 95 18 43 91 35 40 16 77 44 15 1 13 41 62 81 32 82 3 5 14 63 47 50 30 12 76 
37 48 67 39 4 66 69 72 92 2 90 98 75 28 7 96 27 10 84 52 38 9 20 0 11 8 45 24 26 60 70 97 31 94 89 85 19 29 68 99 80 78 55 61 25 74 64 36 71 79 37 
76 23 21 46 78 55 25 4 39 9 67 69 52 84 10 27 96 98 90 2 92 72 38 66 61 68 99 80 64 22 17 95 18 43 91 35 40 16 77 44 15 12 62 30 50 47 41 14 13 1 76 
88 49 54 87 42 53 51 57 36 19 45 20 0 11 97 28 7 75 58 31 94 89 8 24 37 85 48 29 74 79 71 6 33 93 56 83 59 60 70 26 34 73 86 65 82 63 81 32 5 3 88 
45 24 33 6 57 71 64 46 80 55 25 4 61 99 78 36 53 42 51 83 59 73 56 93 26 60 34 70 11 8 89 85 37 79 19 48 20 94 31 58 7 90 2 27 96 75 98 28 97 0 45 
30 50 47 81 14 32 63 5 82 88 86 65 3 13 41 62 1 15 49 21 87 29 74 67 38 52 84 10 92 72 69 66 39 9 68 22 54 23 44 95 18 43 91 40 35 17 76 77 16 12 30 
45 24 37 79 74 25 55 99 68 61 66 39 4 29 85 67 38 52 9 69 84 10 27 96 75 90 2 92 72 48 19 71 64 46 78 36 33 26 93 60 34 70 11 8 89 20 0 97 31 94 45 
57 51 42 59 73 65 86 3 5 82 88 49 76 23 17 15 12 16 40 35 91 43 18 95 44 77 62 30 50 47 41 63 32 14 81 13 1 54 21 22 80 87 53 83 56 28 98 7 58 6 57 
55 25 61 4 68 29 79 45 8 26 60 56 83 51 88 49 42 76 15 17 35 91 43 18 95 44 23 54 21 22 87 53 57 6 93 33 24 37 85 67 48 19 64 71 36 46 80 78 74 99 55 
38 52 9 89 94 31 58 7 75 98 28 97 11 34 73 65 3 5 14 81 13 1 12 16 40 77 62 47 50 30 41 63 32 82 86 59 70 0 20 72 92 2 90 96 27 10 84 69 39 66 38 
55 25 61 66 38 52 72 92 2 90 98 28 7 31 94 89 20 0 11 97 58 75 96 27 10 84 69 39 4 68 29 79 37 85 67 9 48 19 64 95 16 40 35 91 18 46 80 78 74 99 55 
57 53 42 59 73 65 86 3 5 14 81 47 50 30 62 13 41 63 32 82 88 49 76 23 17 43 44 15 12 77 1 54 87 22 21 51 83 56 33 71 36 6 26 24 45 8 60 70 34 93 57 
34 26 24 45 89 0 11 97 28 98 10 84 27 96 7 58 31 94 9 39 66 38 67 20 85 48 19 29 68 99 80 78 55 61 25 74 64 36 71 79 37 8 93 33 6 57 83 56 60 70 34 
22 54 23 44 77 16 40 35 18 43 95 17 76 91 15 12 62 30 50 47 41 63 13 82 3 65 73 90 92 52 4 69 72 2 75 59 42 53 51 88 86 5 14 32 81 1 49 21 87 46 22 
34 26 24 45 89 0 11 97 28 98 75 96 90 7 58 31 94 9 67 85 20 8 93 33 6 83 59 42 88 82 3 14 81 47 50 30 12 18 62 13 1 63 32 5 86 65 73 56 60 70 34 
25 55 80 46 64 71 87 22 54 23 44 77 16 40 35 91 43 95 17 76 15 49 21 53 57 41 51 36 78 99 74 79 37 19 48 29 68 61 66 38 52 84 10 27 2 92 72 69 39 4 25 
96 27 2 92 72 9 85 37 79 19 48 74 68 99 80 46 23 44 95 18 91 35 17 15 76 78 55 61 4 25 29 67 52 38 66 39 69 84 10 90 98 75 58 31 94 20 0 97 28 7 96 
33 56 83 51 88 3 5 82 13 41 62 47 50 30 12 16 43 40 77 1 81 14 32 63 49 42 53 87 22 54 21 36 64 71 57 6 59 86 65 73 93 60 34 70 89 11 26 8 45 24 33 
96 27 2 92 72 9 85 37 79 21 18 43 30 50 5 47 91 22 19 48 74 68 99 55 61 4 25 29 67 52 38 66 39 69 84 10 90 98 75 58 31 94 0 20 89 45 11 97 28 7 96 
6 57 51 49 76 23 44 77 1 13 63 32 14 81 41 62 12 16 40 35 95 17 15 54 87 42 59 73 65 3 82 86 88 53 36 64 46 80 78 71 83 56 93 60 34 70 8 24 26 33 6 
98 28 7 96 27 10 92 2 72 9 85 37 71 53 21 22 76 15 17 35 91 43 18 95 44 23 87 36 19 48 74 25 61 55 78 64 46 80 99 68 29 67 52 38 39 4 66 69 84 90 98 
31 58 75 97 70 60 56 73 65 3 82 63 41 12 16 40 77 62 30 50 47 1 81 32 14 5 86 88 13 49 54 42 59 93 34 26 24 45 33 83 51 57 6 8 11 0 94 20 79 89 31 
98 28 7 90 2 92 72 9 85 37 79 13 18 47 50 30 81 14 32 63 19 48 74 68 99 80 55 61 4 25 29 67 52 38 66 39 69 84 10 27 96 75 31 94 89 20 0 11 97 58 98 
86 59 56 83 51 53 87 22 54 76 15 12 16 40 35 91 43 95 44 77 41 62 1 17 23 21 36 64 46 78 71 57 6 33 8 45 24 70 26 34 60 93 73 65 3 5 82 88 49 42 86 
79 29 68 99 80 46 22 95 35 13 14 5 32 30 40 91 43 18 21 87 78 55 61 66 39 69 52 84 10 27 96 7 75 98 90 2 92 72 38 4 25 74 19 48 67 9 20 85 37 64 79 
26 60 93 33 6 57 71 36 53 51 42 54 76 17 23 15 1 77 16 44 12 62 50 47 81 63 41 49 88 82 3 86 73 65 59 83 56 34 70 97 28 58 31 94 89 0 11 8 45 24 26 
79 29 68 74 19 48 67 9 20 45 8 26 34 60 56 83 49 63 41 12 16 40 77 62 47 1 81 14 5 3 32 13 59 65 73 6 93 33 24 89 94 97 70 11 0 85 37 64 36 78 79 
99 61 4 39 69 52 84 10 27 96 7 28 31 58 75 98 90 2 92 72 38 66 25 55 46 71 51 87 22 21 23 44 95 35 17 15 50 30 91 43 18 76 54 42 86 82 88 57 53 80 99 
81 30 50 47 41 15 23 54 22 46 71 79 74 25 99 68 29 48 67 9 85 37 19 36 78 80 61 66 39 69 72 92 84 52 38 4 55 64 87 21 49 51 53 42 76 13 63 32 5 14 81 
1 62 12 16 40 35 91 43 18 95 17 44 77 82 88 59 56 83 57 6 33 8 45 89 0 11 97 28 98 75 96 27 10 2 90 7 58 31 94 20 24 70 26 34 60 93 73 65 86 3 1 
62 30 50 47 12 16 40 35 91 43 18 95 17 76 49 42 53 71 79 74 25 61 55 99 4 66 38 69 39 68 29 48 67 9 85 37 19 64 46 80 78 36 87 22 21 54 23 44 77 1 62 
41 63 81 14 5 3 65 73 93 56 60 34 70 97 28 98 75 96 27 10 84 52 72 92 2 90 7 58 31 94 89 20 0 11 26 24 45 8 33 6 83 57 51 59 88 86 82 32 13 15 41 
28 31 94 89 45 8 26 34 60 93 65 82 13 1 62 50 30 12 41 81 63 32 14 5 3 73 33 24 20 9 0 11 70 97 58 7 90 2 92 72 52 38 39 69 84 10 27 96 75 98 28 
46 64 71 87 22 54 23 44 77 47 16 40 35 91 43 18 95 17 76 15 49 21 53 57 6 56 83 42 59 88 86 51 36 74 79 37 19 48 85 67 68 99 55 61 66 4 25 29 78 80 46 
28 31 94 89 85 37 76 1 13 63 81 30 62 47 41 77 12 15 79 74 29 19 48 9 68 25 61 4 66 39 69 52 38 67 20 0 11 97 58 7 90 2 92 72 84 10 27 96 75 98 28 
59 65 93 60 34 70 8 24 26 45 33 6 57 71 36 78 55 80 46 99 64 53 21 54 17 44 16 40 95 18 43 91 35 23 22 87 51 83 56 73 86 3 5 14 50 32 82 88 49 42 59 
5 32 81 13 1 76 17 23 49 88 86 65 73 93 34 10 33 6 57 71 83 56 59 42 51 53 87 22 21 54 15 77 44 95 18 43 91 35 16 12 40 30 50 47 62 41 63 14 3 82 5 
39 66 61 99 80 46 64 36 78 55 68 29 79 37 85 67 9 20 0 11 8 45 24 26 60 70 97 31 58 7 90 2 92 27 96 75 98 28 94 89 48 19 74 25 4 38 52 84 72 69 39 
5 32 81 13 1 76 17 23 49 88 86 65 73 93 34 31 60 33 6 57 83 56 59 42 51 53 87 22 21 54 15 77 44 95 18 43 91 35 16 12 40 30 50 47 62 41 63 14 3 82 5 
85 67 39 4 66 69 52 38 72 9 92 2 90 98 75 58 28 7 96 27 10 84 20 45 8 26 24 89 94 97 70 11 0 48 37 79 64 71 36 46 80 78 74 68 99 55 61 25 29 19 85 
93 33 6 57 71 36 87 22 54 21 53 42 76 17 95 18 43 91 35 40 16 62 30 77 44 23 15 1 49 88 51 83 59 86 65 73 56 26 24 45 89 0 11 97 94 20 8 60 70 34 93 
99 68 61 66 39 69 52 84 10 27 96 7 28 31 58 75 98 90 2 92 72 38 4 25 29 85 9 67 48 19 37 79 82 5 63 41 50 47 12 13 81 32 14 3 64 46 80 78 74 55 99 
93 33 6 57 71 36 87 22 54 21 53 42 76 17 95 18 43 91 35 40 16 77 44 23 15 12 30 62 41 1 49 88 51 83 59 86 65 73 56 26 24 45 8 60 11 0 94 97 70 34 93 
39 69 52 67 48 37 79 82 5 63 13 81 50 47 32 14 3 64 78 46 80 74 68 99 55 61 25 29 19 85 89 31 58 7 90 27 96 75 98 28 20 9 84 10 2 92 72 38 66 4 39 
26 34 58 7 90 2 92 72 9 52 38 39 69 84 10 27 96 75 98 28 60 93 73 65 3 5 14 81 13 41 1 18 95 62 47 50 30 12 63 32 82 86 88 59 56 83 57 6 33 87 26 
97 70 8 45 19 79 64 71 51 42 49 15 16 40 35 43 91 44 77 76 17 23 54 22 21 53 36 46 80 78 74 68 99 55 61 66 4 25 29 48 67 85 37 24 11 0 20 89 94 31 97 
26 34 70 97 28 98 75 96 27 10 84 52 38 66 39 69 72 92 2 90 7 58 31 94 89 20 0 11 60 93 73 65 3 5 14 81 47 30 62 41 32 82 86 59 56 6 33 8 45 24 26 
64 71 57 53 42 87 22 21 54 23 44 77 1 12 16 40 35 91 43 18 95 17 76 49 15 13 50 63 88 51 83 79 74 25 61 55 99 4 68 29 48 67 9 85 37 19 36 78 80 46 64 
16 35 95 18 43 91 17 23 76 49 88 82 5 86 73 56 83 71 36 57 6 33 24 34 93 65 3 59 42 51 53 87 22 21 54 15 12 62 30 47 41 63 32 14 81 13 1 44 40 77 16 
92 72 52 67 9 20 0 11 8 45 26 50 60 70 97 94 89 48 37 79 74 68 99 80 46 64 78 55 61 25 29 19 85 38 66 4 39 69 84 10 27 96 7 98 28 31 58 75 90 2 92 
16 35 95 18 43 91 17 23 76 49 42 87 79 48 67 38 72 2 7 58 28 90 92 69 39 9 85 29 74 46 22 21 54 15 12 62 30 50 47 41 63 32 5 14 81 13 1 44 40 77 16 
86 73 56 83 51 53 36 78 80 99 55 64 19 37 25 4 52 10 96 75 31 98 27 84 66 61 68 71 57 6 33 8 45 89 0 11 97 94 20 24 70 26 34 60 93 65 59 88 82 3 86 
64 36 87 22 54 23 44 77 16 40 35 91 43 18 95 17 76 15 1 62 12 41 13 63 82 3 32 5 14 81 49 21 53 57 6 33 56 26 8 60 70 34 93 73 83 42 51 71 78 46 64 
79 74 68 99 55 80 25 4 39 69 52 84 92 2 90 98 28 7 31 94 89 24 59 47 50 30 88 65 86 45 0 11 97 58 75 96 27 10 72 38 66 61 29 85 20 9 67 48 19 37 79 
64 36 19 45 8 56 83 51 88 49 42 76 15 12 16 35 18 95 44 77 1 17 23 54 21 87 53 57 6 33 24 37 85 67 9 20 48 29 68 99 55 61 4 25 74 79 71 78 80 46 64 
7 75 96 27 10 2 84 52 38 39 69 72 92 90 98 58 31 94 89 66 0 11 26 34 93 59 22 86 82 5 63 41 13 81 30 40 43 91 62 50 47 32 14 3 65 73 60 70 97 28 7 
79 37 45 20 0 11 97 28 98 75 96 27 10 92 2 90 7 58 31 94 89 8 70 60 34 26 33 24 71 64 46 80 78 36 19 48 67 39 66 69 52 38 9 85 29 68 99 55 25 74 79 
17 76 49 42 59 73 65 86 88 53 61 72 84 4 57 83 56 93 6 51 87 21 54 22 15 12 16 40 35 91 43 18 95 44 77 62 30 50 47 41 13 81 32 82 3 5 14 63 1 23 17 
79 37 45 20 0 11 97 28 98 75 96 27 2 90 7 58 31 94 89 8 70 60 93 34 26 33 24 71 64 46 80 78 36 19 48 67 39 4 66 69 52 38 9 85 29 68 99 55 25 74 79 
1 77 16 40 35 91 43 18 95 17 23 54 49 76 21 53 61 84 10 92 72 57 6 73 65 3 5 82 86 88 59 56 83 42 51 87 22 44 12 30 47 50 62 81 14 32 63 41 15 13 1 
39 38 52 67 85 89 0 11 70 53 21 95 35 40 91 43 18 22 87 65 82 13 63 32 14 5 3 60 97 28 98 75 96 27 90 7 58 31 94 20 9 72 92 2 10 84 69 66 4 61 39 
46 78 74 79 45 8 26 34 56 59 42 49 15 1 81 41 62 47 50 30 12 16 44 77 76 17 23 54 88 86 73 6 57 51 83 93 33 24 37 71 36 19 48 68 99 55 25 29 64 80 46 
39 38 52 67 20 0 11 8 24 26 73 3 5 14 81 13 1 62 47 30 41 63 32 82 65 60 70 34 97 28 98 75 96 27 90 7 58 31 94 89 9 72 92 2 10 84 69 66 4 61 39 
37 79 64 71 87 22 54 23 44 77 50 12 16 40 35 91 43 18 95 17 76 15 49 21 53 57 6 33 56 93 83 42 59 88 86 51 36 46 80 78 74 68 99 55 25 29 85 48 19 45 37 
69 39 4 68 29 85 9 89 94 31 58 7 90 2 92 72 84 10 27 96 75 98 28 97 11 60 34 13 63 32 5 14 81 1 62 47 50 30 12 41 49 70 0 20 67 48 61 66 38 52 69 
46 80 55 25 79 45 8 24 37 71 53 21 23 44 77 16 40 35 91 43 18 95 17 15 76 54 22 87 57 6 33 56 26 93 73 65 3 82 86 88 59 83 42 51 36 19 74 99 78 64 46 
69 39 4 25 68 29 79 37 85 67 9 20 0 11 8 45 26 60 70 97 31 58 7 90 2 92 10 27 96 75 98 28 94 89 48 19 64 22 46 80 78 74 99 55 61 66 38 52 84 72 69 
13 81 32 82 88 51 83 56 34 93 33 24 6 57 71 36 53 87 21 54 49 42 59 73 65 86 5 14 3 63 41 62 47 50 30 12 16 77 44 17 76 23 95 18 43 91 40 35 1 15 13 
35 40 16 77 15 49 21 87 46 36 19 37 85 67 39 4 66 69 52 38 9 48 29 68 99 61 25 74 79 78 80 55 64 22 54 76 1 41 62 47 50 30 12 44 23 17 95 18 43 91 35 
5 82 86 42 51 83 56 60 34 26 33 24 45 70 97 28 98 75 96 27 92 72 84 10 90 7 58 31 0 20 89 2 94 11 8 6 57 71 53 88 73 93 59 65 3 14 81 13 63 32 5 
35 40 16 77 15 76 54 22 87 21 36 78 99 61 66 39 69 52 9 38 4 25 55 80 46 64 71 49 1 13 63 82 3 32 14 5 81 41 62 47 50 30 12 44 23 17 95 18 43 91 35 
57 83 56 59 88 42 86 65 73 93 60 34 70 97 28 98 75 96 27 10 84 72 92 2 90 7 58 31 94 89 20 0 11 26 24 8 37 79 74 68 29 85 67 48 19 45 33 6 51 53 57 
12 41 13 81 32 82 88 42 53 36 64 71 57 6 33 93 56 83 51 59 73 65 86 3 5 14 63 1 15 49 54 22 87 21 23 17 76 77 16 40 35 91 43 18 95 44 62 47 50 30 12 
92 84 52 67 9 20 0 11 8 45 24 26 34 60 70 97 94 89 48 37 79 74 68 99 80 46 78 55 61 25 29 19 85 38 66 4 39 69 72 10 27 96 7 28 31 58 75 98 90 2 92 
12 41 13 81 32 82 88 42 53 36 46 71 57 6 28 7 58 83 51 59 73 65 86 3 5 14 63 1 15 49 54 22 87 21 23 17 76 77 16 40 35 91 43 18 95 44 62 47 50 30 12 
37 85 67 39 4 66 69 72 92 2 90 98 75 96 27 10 84 52 38 9 20 0 11 8 45 24 33 56 93 26 34 60 70 97 31 94 89 48 19 29 68 99 80 78 55 61 25 74 64 79 37 
51 42 54 22 46 71 79 74 25 99 68 29 48 67 85 37 19 36 78 80 61 66 38 52 84 92 72 69 39 4 55 64 87 21 76 17 35 91 43 18 95 44 23 15 49 88 53 57 6 83 51 
73 86 82 5 63 41 12 16 40 77 62 30 50 47 1 13 81 32 14 3 59 65 93 33 8 45 89 0 11 97 28 98 75 96 27 10 2 90 7 58 31 94 9 20 24 70 26 34 60 56 73 
59 42 51 83 56 93 60 34 70 97 28 98 75 96 27 10 84 52 69 72 92 2 90 7 58 31 94 89 20 0 11 26 33 8 45 24 6 57 53 88 13 82 3 14 50 32 5 86 65 73 59 
22 87 54 23 44 77 1 81 63 41 62 47 30 12 16 40 35 91 43 18 95 17 76 15 49 21 46 71 79 74 25 99 68 29 48 67 9 85 37 19 36 78 80 61 66 38 39 4 55 64 22 
18 43 91 35 40 16 77 15 1 13 63 81 14 5 3 65 75 7 10 52 38 4 66 69 84 90 98 58 82 32 41 62 47 50 30 12 44 23 54 22 46 78 80 64 87 21 49 76 17 95 18 
59 88 51 83 56 93 60 34 70 97 31 94 89 20 2 72 92 96 27 28 0 11 26 24 37 71 36 79 74 25 61 55 99 68 29 85 9 67 39 48 19 45 8 33 6 57 53 42 73 86 59 
18 43 91 35 40 16 77 15 1 13 63 81 14 5 3 65 73 6 57 39 4 66 92 38 53 51 83 34 59 42 88 86 82 32 41 62 47 50 30 12 44 23 54 22 87 21 49 76 17 95 18 
94 89 45 8 26 60 56 93 33 24 37 79 64 71 36 46 80 78 74 68 99 55 61 25 29 19 48 67 52 72 84 69 9 85 20 0 11 70 97 28 98 75 96 27 10 2 90 7 58 31 94 
16 44 17 15 12 62 30 47 41 81 50 14 5 3 65 73 93 56 6 83 57 26 34 60 33 51 53 42 88 59 86 82 32 63 13 1 76 23 49 21 87 22 54 95 18 43 91 35 40 77 16 
96 90 2 92 72 9 85 37 79 64 71 36 46 80 78 74 68 99 55 61 4 25 29 19 48 67 52 38 66 39 69 84 10 27 98 75 58 31 94 0 20 89 24 8 45 11 70 97 28 7 96 
16 44 23 21 53 57 36 79 74 25 61 55 99 4 66 38 52 84 72 69 39 68 29 48 37 19 64 46 80 78 71 6 33 24 56 83 51 87 22 54 35 40 77 1 41 62 47 50 30 12 16 
95 91 43 18 17 15 13 81 32 82 88 42 59 93 34 26 8 45 70 97 28 98 75 96 27 10 92 2 90 7 58 31 0 20 67 9 85 89 94 11 60 73 65 86 3 5 14 63 49 76 95 
8 45 89 0 11 97 31 94 20 85 48 19 29 78 64 46 36 71 79 37 24 33 6 57 53 42 88 51 83 59 86 82 5 63 47 50 30 18 95 81 32 14 3 65 73 56 93 60 26 70 8 
2 92 84 9 68 74 99 80 87 49 15 1 13 41 62 12 16 40 35 43 91 44 77 76 17 23 54 21 22 55 61 4 25 67 52 38 66 39 69 72 10 27 96 7 28 34 58 75 98 90 2 
8 45 89 0 11 97 28 98 75 96 27 90 7 58 31 94 9 39 69 4 68 61 66 52 84 10 92 72 38 67 20 85 48 19 87 22 23 44 95 18 91 35 17 76 21 79 37 24 26 70 8 
33 93 60 34 56 59 88 82 3 14 81 13 1 15 77 40 43 16 12 30 50 47 62 41 63 32 5 86 65 73 6 71 64 46 80 55 25 29 2 74 99 78 36 57 51 49 54 42 53 83 33 
64 46 80 55 99 78 74 79 37 71 36 19 33 93 6 57 53 42 59 86 3 5 14 81 47 30 13 1 15 41 63 32 82 88 49 76 23 54 51 83 56 45 48 67 9 85 68 61 25 29 64 
89 94 97 28 98 75 96 27 10 84 52 38 66 4 39 69 72 92 2 90 7 58 31 11 8 87 22 17 44 77 62 50 12 16 40 35 91 43 18 95 21 24 26 34 65 73 60 70 0 20 89 
64 46 80 55 99 78 74 79 37 71 36 19 48 67 9 20 45 8 26 93 33 24 89 94 31 58 7 96 27 98 28 97 70 60 11 0 85 68 61 66 39 69 72 92 84 52 38 4 25 29 64 
18 95 17 76 54 42 53 21 22 87 51 57 6 56 83 59 73 75 2 10 90 34 65 3 5 82 86 88 49 15 12 30 50 47 62 77 41 13 81 14 32 63 1 23 44 16 40 35 91 43 18 
62 47 50 81 30 12 16 40 35 91 43 18 95 17 76 49 88 59 86 65 73 83 56 93 60 34 26 33 6 57 51 42 53 87 22 21 54 23 44 77 15 41 63 14 5 3 82 32 13 1 62 
7 96 27 10 2 90 84 9 85 37 79 64 71 36 46 80 78 74 68 99 55 61 4 25 29 19 48 67 52 38 66 39 69 72 92 75 31 94 0 20 89 24 8 45 11 70 97 58 98 28 7 
62 81 32 82 88 51 71 46 4 38 72 69 66 80 36 53 42 59 73 65 86 3 5 14 63 13 41 47 50 30 12 16 40 35 44 17 91 43 18 95 23 54 22 87 21 49 76 77 15 1 62 
0 97 70 60 56 93 34 26 24 37 79 64 78 74 68 99 55 61 25 29 85 9 52 39 67 48 19 45 33 83 57 6 8 11 31 58 7 90 2 10 84 92 27 96 75 98 28 94 89 20 0 
37 48 67 39 4 66 69 72 84 52 38 9 20 0 89 85 19 29 68 99 80 46 78 55 61 25 74 64 36 87 22 54 23 44 77 16 40 35 91 43 18 95 17 76 15 49 21 53 71 79 37 
28 98 58 97 70 11 94 8 26 34 60 56 73 65 3 82 63 41 12 30 50 47 62 1 13 81 32 14 5 86 88 42 59 83 51 57 6 93 33 24 45 31 75 96 27 10 92 2 90 7 28 
37 48 67 38 52 84 10 27 96 7 28 58 75 98 90 2 92 72 69 39 9 20 0 11 8 45 24 26 93 59 88 82 32 14 5 3 86 65 73 60 34 70 97 31 94 89 85 19 29 79 37 
25 99 80 46 36 87 22 54 23 44 77 1 13 63 81 41 62 47 50 30 12 16 40 35 91 43 18 95 17 76 15 49 21 53 57 6 33 56 83 42 51 71 64 78 55 74 68 61 66 4 25 
88 49 54 22 87 21 23 44 16 40 35 91 43 18 95 17 15 1 13 63 81 14 5 3 82 32 41 12 30 50 47 62 77 76 42 53 51 59 93 34 58 7 96 98 28 31 60 73 65 86 88 
25 99 80 46 64 71 57 6 33 26 56 83 36 78 55 74 79 37 24 8 45 19 48 67 84 10 27 75 90 2 92 72 20 0 11 70 97 94 89 85 29 9 68 61 66 38 52 69 39 4 25 
88 49 54 22 87 21 23 44 16 40 35 91 43 18 95 17 15 1 13 63 81 14 5 3 82 32 41 12 30 50 47 62 77 76 42 53 51 59 93 34 58 7 96 98 28 31 60 73 65 86 88 
25 99 80 46 64 71 57 6 33 26 56 83 36 78 55 74 79 37 24 8 45 19 48 67 84 10 27 75 90 2 92 72 20 0 11 70 97 94 89 85 29 9 68 61 66 38 52 69 39 4 25 
