0 62 5 48 89 9 83 71 20 73 58 16 14 10 31 90 97 22 44 46 92 27 66 57 76 59 61 42 13 70 40 99 47 51 36 12 94 88 30 55 96 74 3 64 65 25 69 21 15 87 
2 45 28 33 82 54 11 26 85 34 19 56 6 8 86 50 60 24 80 68 72 49 43 1 53 39 63 67 84 38 29 95 77 4 32 75 81 41 79 7 91 18 52 78 17 23 37 35 98 93 
0 62 5 48 89 9 83 71 20 73 58 16 14 10 31 90 97 22 44 46 92 27 66 57 60 24 80 68 72 49 43 1 53 39 63 67 84 38 29 95 77 51 4 36 32 75 12 94 81 47 
3 64 65 25 69 21 15 87 93 17 23 37 35 98 78 52 18 74 96 55 79 30 88 41 7 91 76 59 61 85 26 11 19 56 6 8 86 50 54 82 33 28 45 2 42 13 70 40 99 34 
1 43 49 72 67 84 29 28 45 2 42 33 54 6 8 56 86 50 60 24 80 68 63 39 53 66 27 92 57 0 62 5 48 89 78 52 87 15 21 69 65 64 3 25 30 88 91 98 94 75 
4 36 77 51 95 38 47 99 70 40 13 82 11 26 85 34 19 61 59 76 22 97 90 44 31 10 14 16 73 20 58 71 9 83 35 37 23 17 93 18 74 96 55 79 41 7 46 81 12 32 
1 43 49 72 67 84 38 29 95 77 51 4 36 32 75 12 94 81 63 39 53 68 80 24 60 50 86 8 6 56 19 11 26 85 34 61 59 76 57 54 82 33 28 45 2 42 13 70 40 99 
5 48 62 0 91 7 41 88 30 79 55 96 74 18 52 78 17 23 37 35 98 83 9 71 20 73 58 16 14 10 31 90 97 22 44 46 92 27 66 89 87 15 21 93 69 65 64 3 25 47 
2 45 28 33 82 54 11 26 85 34 19 61 59 76 22 97 90 44 31 10 14 16 73 20 58 71 9 83 35 37 23 17 78 52 87 15 21 93 69 65 64 3 96 55 79 30 88 41 7 25 
6 8 56 86 50 60 24 80 68 72 49 43 1 53 39 63 67 84 38 29 95 77 51 4 36 32 75 12 94 81 47 99 70 40 13 42 57 27 92 66 0 62 5 48 89 18 74 91 46 98 
2 45 28 33 82 54 11 26 85 34 19 56 6 8 86 50 60 24 80 68 72 49 43 1 53 39 63 67 84 38 29 95 77 51 4 36 12 94 88 30 55 74 18 52 78 17 23 37 35 98 
7 91 0 62 5 48 89 9 83 71 20 73 58 16 14 10 31 90 97 22 44 46 92 27 66 57 76 59 61 42 13 70 40 99 47 32 75 81 41 79 96 3 64 65 25 69 21 15 87 93 
3 64 65 25 69 21 15 87 93 17 23 37 35 98 83 9 71 20 73 58 16 14 10 31 90 97 22 44 46 62 5 48 89 78 52 18 74 96 55 79 30 88 41 7 91 0 92 27 66 57 
8 6 56 86 50 60 24 80 68 72 49 43 1 53 39 63 67 84 38 29 95 77 51 4 36 32 75 12 94 81 47 99 70 40 13 2 45 28 33 82 54 11 26 85 34 19 61 59 76 42 
3 64 65 25 69 21 15 87 93 17 23 37 35 98 78 52 18 74 96 55 79 30 88 66 27 60 24 80 68 72 49 43 1 53 39 63 67 84 38 29 95 77 51 4 36 32 75 12 94 81 
9 83 71 20 73 58 16 14 10 31 90 97 22 44 46 62 5 48 89 91 7 41 0 92 57 50 86 8 6 56 19 11 26 85 34 61 59 76 54 82 33 28 45 2 42 13 70 40 99 47 
4 36 77 51 95 38 29 47 99 70 40 13 2 45 28 33 82 54 11 26 85 34 19 56 6 8 86 50 60 24 80 68 72 49 43 1 53 39 63 67 84 81 94 12 32 75 42 61 74 25 
10 14 16 31 90 97 22 44 46 62 5 48 89 9 83 71 20 73 58 35 37 23 17 78 52 87 15 21 93 69 65 64 3 96 55 79 30 88 41 7 91 0 92 27 66 57 76 59 18 98 
4 36 77 51 95 38 29 47 99 70 40 13 2 45 28 33 82 54 42 84 67 81 94 12 32 75 61 22 90 31 14 73 20 9 89 48 5 62 0 91 7 41 88 30 79 55 96 74 18 46 
11 26 85 34 19 56 6 8 86 50 60 24 80 68 72 49 43 1 53 39 63 66 27 92 57 76 59 97 44 10 16 58 71 83 35 37 23 17 78 52 87 15 21 93 69 65 64 3 25 98 
5 48 62 0 91 7 41 88 30 79 55 96 74 18 52 78 17 23 37 35 98 83 9 71 20 73 58 16 14 10 31 90 97 22 44 46 92 27 66 57 80 63 53 76 59 89 87 15 21 93 
12 32 75 94 81 49 43 72 67 84 38 29 95 77 51 4 36 47 99 70 40 13 2 45 28 33 82 54 11 26 85 34 19 56 6 8 86 50 60 24 68 39 1 61 42 3 64 65 25 69 
5 48 62 0 91 7 41 88 30 79 55 96 74 18 52 78 17 23 37 35 98 83 9 71 20 73 58 16 14 10 31 90 97 22 44 46 92 27 66 57 76 59 61 42 70 89 87 15 21 93 
13 2 45 28 33 82 54 11 26 85 34 19 56 6 8 86 50 60 24 80 68 72 49 43 1 53 39 63 67 84 38 29 95 77 51 4 36 32 75 12 94 81 47 99 40 3 64 65 25 69 
6 8 56 86 50 60 24 80 68 72 49 43 1 53 39 63 67 84 38 29 95 77 51 4 36 32 75 12 94 81 47 99 70 40 13 2 45 28 33 82 54 11 26 85 34 19 61 59 74 25 
14 16 10 31 90 97 22 44 46 62 5 48 89 9 83 71 20 73 58 35 37 23 17 78 52 87 15 21 93 69 65 64 3 96 55 79 30 88 41 7 91 0 92 27 66 57 76 42 18 98 
6 8 56 86 50 60 24 80 68 72 49 43 1 53 39 63 67 84 38 29 95 77 51 4 36 32 75 12 94 81 47 99 70 40 13 2 45 28 33 82 54 11 26 85 34 19 61 59 3 65 
15 87 21 93 69 52 78 17 23 37 35 98 83 9 71 20 73 58 16 14 10 31 90 97 22 44 46 62 5 48 89 18 74 96 55 79 30 88 41 7 91 0 92 27 66 57 76 42 64 25 
7 91 0 62 5 48 89 9 83 71 20 73 58 35 37 23 17 78 52 87 15 21 93 69 65 64 3 96 55 79 30 88 41 74 18 25 98 59 61 76 19 11 26 85 34 56 6 8 86 50 
16 14 10 31 90 97 22 44 46 92 27 66 57 60 24 80 68 72 49 43 1 53 39 63 67 84 38 29 95 77 51 4 36 32 75 12 94 81 47 99 70 40 13 2 45 28 33 82 54 42 
7 91 0 62 5 48 89 78 52 87 15 21 93 69 65 64 3 96 55 79 30 88 41 74 18 25 53 39 63 1 43 81 94 12 32 75 36 4 13 2 45 28 33 54 6 8 56 86 50 76 
17 23 37 35 98 83 9 71 20 73 58 16 14 10 31 90 97 22 44 46 92 27 66 57 60 24 80 68 72 49 67 84 38 29 95 77 51 47 99 70 40 42 82 11 26 85 34 19 61 59 
8 6 56 86 50 60 24 80 68 72 49 43 1 53 39 63 67 84 38 29 95 77 51 4 36 32 75 12 94 81 47 99 70 40 13 2 45 28 33 82 54 34 35 98 17 93 21 15 65 3 
18 74 96 55 79 30 88 41 7 91 0 62 5 48 89 9 83 71 20 73 58 16 14 10 31 90 97 22 44 46 92 27 66 57 76 59 61 85 26 11 19 42 37 23 78 52 87 69 64 25 
8 6 56 86 50 60 24 80 68 72 49 43 1 53 39 63 67 84 38 29 95 77 51 4 36 32 75 12 94 81 47 99 70 40 13 2 45 28 33 82 54 42 57 27 92 66 46 48 74 25 
19 11 26 85 34 61 59 76 22 97 90 44 31 10 14 16 73 20 58 71 9 83 35 37 23 17 78 52 87 15 21 93 69 65 64 3 96 55 79 30 88 41 7 91 0 62 5 89 18 98 
9 83 71 35 37 23 17 78 52 87 15 21 93 69 65 64 3 96 55 79 30 88 66 27 60 24 80 68 72 49 43 1 53 39 63 67 84 38 29 95 77 51 4 36 32 75 12 94 81 25 
20 73 58 16 14 10 31 90 97 22 44 46 62 5 48 89 18 74 91 7 41 0 92 57 50 86 8 6 56 19 11 26 85 34 61 59 76 54 82 33 28 45 2 42 13 70 40 99 47 98 
9 83 71 20 73 58 16 14 10 31 90 97 22 44 46 62 0 92 27 66 57 60 24 80 68 72 49 43 1 53 63 84 29 77 4 32 75 81 28 45 2 42 33 54 6 8 56 86 50 76 
21 15 87 93 69 52 78 17 23 37 35 98 89 48 5 91 7 41 88 30 79 55 96 74 18 3 64 65 25 39 67 38 95 51 36 12 94 47 99 70 40 13 82 11 26 85 34 19 61 59 
10 14 16 31 46 62 5 48 89 9 83 71 20 73 58 35 37 23 17 78 52 87 15 21 93 69 65 64 3 96 55 79 30 88 41 7 91 0 92 27 66 57 54 82 33 28 45 2 74 25 
22 97 90 44 59 61 76 19 11 26 85 34 56 6 8 86 50 60 24 80 68 72 49 43 1 53 39 63 67 84 38 29 95 77 51 4 36 32 75 12 94 81 47 99 70 40 13 42 18 98 
10 14 16 31 90 97 22 44 46 62 5 48 89 9 83 71 20 73 58 0 91 7 66 27 92 60 24 80 68 72 49 43 1 53 39 63 67 84 38 29 95 77 51 4 36 32 75 12 94 81 
23 37 35 98 17 78 52 87 15 21 93 69 65 64 3 96 55 79 30 88 41 74 18 25 57 50 86 8 6 56 19 11 26 85 34 61 59 76 54 82 33 28 45 2 42 13 70 40 99 47 
11 26 85 34 19 56 6 82 45 2 42 40 47 77 4 36 32 75 12 94 81 1 53 68 57 92 46 31 10 14 16 73 20 58 37 23 78 52 87 69 65 64 3 25 30 88 91 97 22 76 
24 80 60 50 86 8 54 33 28 13 70 99 51 95 38 29 84 67 72 49 43 63 39 66 27 0 62 5 48 89 9 83 71 35 98 17 93 21 15 18 74 96 55 79 41 7 90 44 59 61 
11 26 85 34 19 56 6 8 86 50 60 24 80 68 72 49 43 1 53 39 63 67 84 38 29 95 77 51 4 36 32 75 12 94 81 47 99 70 40 13 2 45 28 74 18 52 78 87 15 69 
25 64 65 3 96 55 79 30 88 41 7 91 0 62 5 48 89 9 83 71 20 73 58 16 14 10 31 90 97 22 44 46 92 27 66 57 76 59 61 54 82 33 42 35 37 23 17 93 21 98 
12 32 75 94 81 49 43 72 67 84 38 29 95 77 51 4 36 47 99 70 40 13 2 45 28 33 82 54 42 31 14 73 20 9 89 48 5 62 0 91 7 41 88 30 79 55 96 74 18 46 
26 85 34 19 11 6 8 56 86 50 60 24 80 68 63 39 53 1 66 27 92 57 76 59 61 22 97 90 44 10 16 58 71 83 35 37 23 17 78 52 87 15 21 93 69 65 64 3 25 98 
12 32 75 94 81 49 43 72 67 84 38 29 95 77 51 4 36 47 99 70 40 13 2 45 28 33 82 54 11 26 85 34 19 56 6 8 86 50 76 59 61 42 35 37 23 98 87 15 65 3 
27 92 57 60 24 80 68 63 39 53 1 66 0 62 5 48 89 9 83 71 20 73 58 16 14 10 31 90 97 22 44 46 91 7 41 88 30 79 55 96 74 18 52 78 17 93 21 69 64 25 
13 2 42 70 40 99 47 51 77 95 4 36 32 75 12 94 81 49 43 72 67 84 38 29 57 92 46 31 10 14 16 73 20 58 37 23 78 52 87 69 65 64 3 25 30 88 91 97 22 76 
28 45 33 82 54 11 26 85 34 19 56 6 8 86 50 60 24 80 68 63 39 53 1 66 27 0 62 5 48 89 9 83 71 35 98 17 93 21 15 18 74 96 55 79 41 7 90 44 59 61 
13 2 45 28 33 82 54 11 26 85 34 19 56 6 8 86 50 60 24 57 27 92 66 0 62 5 48 89 9 83 71 20 73 58 16 14 10 31 90 97 22 44 46 91 7 3 76 61 70 99 
29 38 95 77 51 4 36 32 75 12 94 81 49 43 72 67 84 80 68 63 39 53 1 88 41 30 79 55 96 74 18 52 78 17 23 37 35 98 93 21 15 87 69 65 64 25 59 42 40 47 
14 16 10 31 90 97 22 44 46 92 27 66 57 60 24 80 68 72 49 43 1 53 39 63 67 84 38 29 95 77 51 4 36 32 75 12 94 81 47 99 70 40 13 2 45 28 33 82 54 42 
30 79 41 88 7 91 0 62 5 48 89 9 83 71 20 73 58 35 37 23 17 78 52 87 15 21 93 69 65 64 3 96 55 74 18 25 98 59 61 76 19 11 26 85 34 56 6 8 86 50 
14 16 73 58 35 37 23 17 78 52 87 15 21 93 69 65 64 3 96 18 46 90 97 59 61 85 26 34 56 50 24 68 72 49 43 1 53 39 63 66 27 92 57 54 82 33 28 45 2 42 
31 10 20 71 9 83 89 48 5 62 0 91 7 41 88 30 79 55 74 25 98 44 22 76 19 11 6 8 86 60 80 67 84 38 29 95 77 51 4 36 32 75 12 94 81 47 99 70 40 13 
15 87 21 93 69 52 78 17 23 37 35 98 83 9 71 20 73 58 16 14 10 31 90 97 22 44 46 62 5 48 89 18 74 96 55 79 30 88 41 7 91 0 92 27 66 57 76 59 3 65 
32 75 12 94 81 49 43 72 67 84 38 29 95 77 51 4 36 47 99 70 40 13 2 45 28 33 82 54 11 26 85 34 19 56 6 8 86 50 60 24 80 68 63 39 53 1 61 42 64 25 
15 87 21 93 69 52 78 17 23 37 35 98 83 9 71 20 73 58 16 14 10 31 90 97 22 44 46 62 5 48 89 18 74 96 55 79 30 88 41 7 91 0 92 27 66 57 76 59 3 65 
33 82 54 11 26 85 34 19 56 6 8 86 50 60 24 80 68 72 49 43 1 53 39 63 67 84 38 29 95 77 51 4 36 32 75 12 94 81 47 99 70 40 13 2 45 28 42 61 64 25 
16 14 10 31 90 97 22 44 46 62 5 48 89 9 83 71 20 73 58 35 37 23 17 78 52 87 15 21 93 69 65 64 3 96 55 79 30 88 41 7 91 0 92 27 66 57 76 59 74 25 
34 85 26 11 19 56 6 8 86 50 60 24 80 68 72 49 43 1 53 39 63 67 84 38 29 95 77 51 4 36 32 75 12 94 81 47 99 70 40 13 2 45 28 33 82 54 42 61 18 98 
16 14 10 31 90 97 22 44 46 62 5 48 89 9 83 71 20 73 58 98 18 74 0 92 57 50 86 8 6 56 19 11 26 85 34 61 59 76 54 82 33 28 45 2 42 13 70 40 99 47 
35 37 23 17 78 52 87 15 21 93 69 65 64 3 96 55 79 30 88 41 7 91 27 66 60 24 80 68 72 49 43 1 53 39 63 67 84 38 29 95 77 51 4 36 32 75 12 94 81 25 
17 23 37 35 98 83 9 71 20 73 58 16 14 10 31 90 97 22 44 46 62 5 48 89 78 52 87 15 21 93 69 65 64 3 96 55 79 30 88 41 7 91 0 92 27 66 57 76 59 18 
36 4 77 51 95 38 29 47 99 70 40 13 2 45 28 33 82 54 11 26 85 34 19 56 6 8 86 50 60 24 80 68 72 49 43 1 53 39 63 67 84 81 94 12 32 75 42 61 74 25 
17 23 83 9 71 20 16 31 90 22 59 61 76 19 11 26 85 34 56 6 8 86 50 60 24 80 68 72 49 43 1 53 39 63 67 84 38 29 95 77 51 4 36 32 75 12 94 81 47 18 
37 35 98 58 73 10 14 44 97 46 62 5 48 89 78 52 87 15 21 93 69 65 64 3 96 55 79 30 88 41 7 91 0 92 27 66 57 54 82 33 28 45 2 42 13 70 40 99 74 25 
18 74 96 55 79 30 88 41 7 91 0 62 5 48 89 9 83 71 20 73 58 16 14 10 31 90 97 22 44 46 92 27 66 57 68 63 39 53 1 47 99 70 35 37 23 17 93 69 64 25 
38 29 95 77 51 4 36 32 75 12 94 81 49 43 72 67 84 80 24 60 50 86 8 6 56 19 11 26 85 34 61 59 76 54 82 33 28 45 2 42 13 40 78 52 87 15 21 65 3 98 
18 74 96 55 79 30 88 41 7 91 0 62 5 48 89 9 83 71 20 73 58 16 14 10 31 90 97 22 44 46 92 27 66 57 76 59 54 33 28 13 70 99 35 37 23 17 93 69 64 25 
39 63 53 1 43 49 72 67 84 38 29 95 77 51 4 36 32 75 12 94 81 68 80 24 60 50 86 8 6 56 19 11 26 85 34 61 82 45 2 42 40 47 78 52 87 15 21 65 3 98 
19 11 26 85 34 61 59 76 22 97 90 44 31 10 14 16 73 20 58 71 9 83 35 37 23 17 78 52 87 15 21 93 69 65 64 3 96 55 79 30 88 41 7 91 0 62 5 89 18 98 
40 70 99 47 13 2 45 28 33 82 54 6 8 56 86 50 60 24 80 68 72 49 43 1 53 39 63 67 84 38 29 95 77 51 4 36 32 75 12 94 81 57 27 92 66 46 48 74 25 42 
19 11 26 85 34 61 59 76 22 97 90 44 31 10 14 16 73 20 58 46 62 0 92 27 57 50 86 8 6 56 54 82 33 28 45 2 42 13 70 40 99 47 4 32 75 81 64 25 15 87 
41 88 30 79 55 96 74 18 52 78 17 23 37 35 98 83 9 71 89 48 5 91 7 66 60 24 80 68 72 49 43 1 53 39 63 67 84 38 29 95 77 51 36 12 94 3 65 69 21 93 
20 73 58 71 9 83 35 37 23 17 78 52 87 15 21 93 69 65 64 3 96 55 79 30 88 41 7 91 0 62 5 48 89 18 74 25 98 16 14 10 31 90 97 22 44 46 92 27 66 57 
42 2 45 28 33 82 54 11 26 85 34 19 56 6 8 86 50 60 24 80 68 72 49 43 1 53 39 63 67 84 38 29 95 77 51 4 36 32 75 12 94 81 47 99 70 40 13 61 59 76 
20 73 58 71 9 83 35 37 23 17 78 52 87 15 21 93 69 65 64 3 96 55 79 30 88 41 7 91 0 62 5 48 89 18 74 25 98 16 14 10 31 44 92 57 54 33 28 13 70 99 
43 49 72 67 84 38 29 95 77 51 4 36 32 75 12 94 81 1 53 39 63 68 80 24 60 50 86 8 6 56 19 11 26 85 34 61 59 76 22 97 90 46 27 66 82 45 2 42 40 47 
21 15 87 93 69 52 78 17 23 37 35 98 83 9 71 20 73 58 16 14 10 31 46 62 5 48 89 18 74 96 55 79 30 88 41 7 91 0 92 27 66 57 54 82 33 28 45 2 3 65 
44 90 97 22 59 61 76 19 11 26 85 34 56 6 8 86 50 60 24 80 68 72 49 43 1 53 39 63 67 84 38 29 95 77 51 4 36 32 75 12 94 81 47 99 70 40 13 42 64 25 
21 15 87 93 69 52 78 17 23 37 35 98 83 9 71 20 73 58 16 14 10 31 90 97 22 44 46 62 5 48 89 18 74 96 55 79 30 88 41 7 91 0 92 27 66 57 76 59 3 65 
45 2 42 28 33 82 54 11 26 85 34 19 56 6 8 86 50 60 24 80 68 72 49 43 1 53 39 63 67 84 38 29 95 77 51 4 36 32 75 12 94 81 47 99 70 40 13 61 64 25 
22 97 90 44 16 58 71 83 35 37 23 17 78 52 87 15 21 93 69 65 64 3 25 66 27 60 24 80 68 72 49 43 1 53 39 63 67 84 38 29 95 77 51 4 36 32 75 12 94 81 
46 31 10 14 73 20 9 89 48 5 62 0 91 7 41 88 30 79 55 96 74 18 98 92 57 50 86 8 6 56 19 11 26 85 34 61 59 76 54 82 33 28 45 2 42 13 70 40 99 47 
22 97 90 44 31 10 14 16 73 20 58 71 9 83 35 37 23 17 78 52 87 15 21 93 69 65 64 3 96 55 79 30 88 41 7 91 0 62 5 48 89 18 74 25 98 46 92 27 76 61 
47 99 70 40 13 2 45 28 33 82 54 11 26 85 34 19 56 6 8 86 50 60 24 80 68 72 49 43 1 53 39 63 67 84 38 29 95 77 51 4 36 32 75 12 94 81 57 66 59 42 
23 37 35 98 17 78 52 87 15 21 93 69 65 64 3 25 83 20 58 16 31 90 22 59 61 76 19 11 26 85 34 56 6 8 86 50 54 82 33 28 45 2 42 13 70 40 99 47 12 94 
48 5 62 0 91 7 41 88 30 79 55 96 74 18 89 9 71 73 10 14 44 97 46 92 27 66 57 60 24 80 68 72 49 43 1 53 39 63 67 84 38 29 95 77 51 4 36 32 75 81 
23 37 35 98 17 78 52 87 15 21 93 69 65 64 3 96 55 79 30 88 41 7 91 0 62 5 48 89 9 83 71 20 73 58 16 14 10 31 90 97 46 27 66 74 18 25 45 42 70 40 
49 43 72 67 84 38 29 95 77 51 4 36 32 75 12 94 81 1 53 39 63 68 80 24 60 50 86 8 6 56 19 11 26 85 34 61 59 76 22 44 92 57 54 82 33 28 2 13 99 47 
24 80 60 57 27 92 66 0 62 5 48 89 9 83 71 20 73 58 16 14 35 37 23 17 78 52 87 15 21 93 69 65 25 53 39 63 1 81 94 12 32 75 36 4 47 99 70 40 42 82 
50 86 8 6 56 19 11 26 85 34 61 59 76 22 97 90 44 31 10 46 91 7 41 88 30 79 55 96 74 18 3 64 98 68 72 49 43 67 84 38 29 95 77 51 13 2 45 28 33 54 
24 80 60 50 86 8 6 56 19 11 26 85 34 61 59 76 22 97 90 44 31 10 14 16 73 20 58 71 9 83 35 37 23 17 78 52 87 15 21 93 69 65 64 3 96 55 79 30 88 25 
51 77 95 4 36 32 75 12 94 81 49 43 72 67 84 38 29 47 99 70 40 13 2 45 28 33 82 54 42 68 63 39 53 1 66 27 92 57 0 62 5 48 89 18 74 91 7 41 46 98 
25 64 65 3 96 55 79 30 88 41 7 91 0 62 5 48 89 18 74 87 15 21 93 69 66 60 24 80 68 72 49 43 1 53 39 63 67 84 38 29 95 77 51 4 36 32 75 12 94 81 
52 78 17 23 37 35 98 83 9 71 20 73 58 16 14 10 31 90 97 22 44 46 92 27 57 50 86 8 6 56 19 11 26 85 34 61 59 76 54 82 33 28 45 2 42 13 70 40 99 47 
25 64 65 3 96 55 79 30 88 41 7 91 0 62 5 48 89 9 83 71 20 73 58 16 14 10 31 90 97 22 44 46 92 27 66 57 60 24 80 50 76 59 67 74 52 87 15 21 93 69 
53 39 63 68 72 49 43 1 81 94 12 32 75 36 4 77 51 95 38 29 47 99 70 40 13 2 45 28 33 82 54 11 26 85 34 19 56 6 8 86 61 42 84 18 78 17 23 37 35 98 
26 85 34 19 11 6 8 56 86 50 60 24 80 68 72 49 43 1 53 39 63 67 84 29 61 59 76 22 97 90 44 31 10 14 16 73 58 37 23 78 52 87 69 65 64 3 25 30 88 91 
54 82 33 28 45 2 42 13 70 40 99 47 51 77 95 4 36 32 75 12 94 81 38 57 27 92 66 0 62 5 48 89 9 83 71 20 35 98 17 93 21 15 18 74 96 55 79 41 7 46 
26 85 34 19 11 6 8 56 86 50 60 24 80 68 72 49 43 1 53 39 63 67 84 38 29 95 77 51 4 36 32 75 12 94 81 47 99 70 40 13 2 45 28 33 82 54 42 61 59 76 
55 96 74 18 52 78 17 23 37 35 98 83 9 71 20 73 58 16 14 10 31 90 97 22 44 46 62 5 48 89 91 7 41 88 30 79 3 64 65 25 69 21 15 87 93 0 92 27 66 57 
27 92 57 60 24 80 68 72 49 43 1 53 39 63 67 84 38 29 95 77 51 4 36 32 75 12 94 81 47 99 70 40 13 2 45 28 33 82 54 42 66 0 62 5 48 89 18 74 91 25 
56 6 8 86 50 19 11 26 85 34 61 59 76 22 97 90 44 31 10 14 16 73 20 58 71 9 83 35 37 23 17 78 52 87 15 21 93 69 65 64 3 96 55 79 30 88 41 7 46 98 
27 92 66 0 62 5 48 89 9 83 71 20 73 58 16 14 10 31 90 97 22 44 46 91 7 41 88 30 79 55 96 74 18 52 78 17 23 37 35 98 93 21 15 87 69 65 64 3 25 61 
57 60 24 80 68 72 49 43 1 53 39 63 67 84 38 29 95 77 51 4 36 32 75 12 94 81 47 99 70 40 13 2 45 28 33 82 54 11 26 85 34 19 56 6 8 86 50 76 59 42 
28 45 2 42 13 70 40 99 47 51 77 95 4 36 32 75 12 94 81 49 43 72 67 84 38 29 33 82 54 11 26 85 34 19 56 6 8 86 50 60 24 80 68 63 39 53 1 66 57 59 
58 73 20 71 9 83 35 37 23 17 78 52 87 15 21 93 69 65 64 3 96 55 79 30 88 41 7 91 0 62 5 48 89 18 74 25 98 16 14 10 31 90 97 22 44 46 92 27 76 61 
28 45 2 42 13 70 40 99 47 51 77 95 4 36 32 75 12 94 81 49 43 72 67 84 38 29 33 82 54 11 26 85 34 19 56 6 8 86 50 60 24 80 68 63 39 53 1 66 27 92 
59 61 76 22 97 90 44 31 10 14 16 73 20 58 71 9 83 35 37 23 17 78 52 87 15 21 93 69 65 64 3 96 55 79 30 88 41 7 91 0 62 5 48 89 18 74 25 98 46 57 
29 38 95 77 51 4 36 32 75 12 94 81 84 33 82 54 11 26 85 61 76 97 44 10 16 58 71 83 35 37 23 17 78 52 87 15 21 93 69 65 64 3 25 98 27 66 45 42 70 40 
60 24 80 68 72 49 43 1 53 39 63 67 86 50 56 6 8 19 34 59 22 90 31 14 73 20 9 89 48 5 62 0 91 7 41 88 30 79 55 96 74 18 46 92 57 28 2 13 99 47 
29 38 95 77 51 4 36 32 75 12 94 81 49 43 72 67 84 80 24 60 50 86 8 6 56 19 11 26 85 34 54 82 33 28 45 2 42 13 70 40 99 47 68 63 39 53 1 66 27 92 
61 59 76 22 97 90 44 31 10 14 16 73 20 58 71 9 83 35 37 23 17 78 52 87 15 21 93 69 65 64 3 96 55 79 30 88 41 7 91 0 62 5 48 89 18 74 25 98 46 57 
30 79 41 88 7 91 0 92 27 66 57 60 24 80 68 72 49 43 1 53 39 63 67 84 38 29 95 77 51 4 36 32 75 12 94 81 47 99 70 40 74 18 52 78 87 15 69 64 25 55 
62 5 48 89 9 83 71 20 73 58 16 14 10 31 90 97 22 44 46 76 59 61 85 26 11 19 56 6 8 86 50 54 82 33 28 45 2 42 13 34 35 37 23 17 93 21 65 3 96 98 
30 79 41 88 7 91 0 62 5 48 89 9 83 71 20 73 58 16 14 10 31 90 97 22 44 46 92 27 66 57 76 59 61 85 54 33 28 13 70 99 74 18 52 78 17 23 37 35 98 93 
63 39 53 1 43 49 72 67 84 38 29 95 77 51 4 36 32 75 12 94 81 68 80 24 60 50 86 8 6 56 19 11 26 34 82 45 2 42 40 47 55 96 3 64 65 25 69 21 15 87 
31 10 14 16 73 20 58 71 9 83 35 37 23 17 78 52 87 15 21 93 98 44 97 59 61 85 26 34 56 50 24 68 72 49 43 1 53 39 63 66 27 92 57 54 82 33 28 45 2 42 
64 65 3 96 55 79 30 88 41 7 91 0 62 5 48 89 18 74 69 25 46 90 22 76 19 11 6 8 86 60 80 67 84 38 29 95 77 51 4 36 32 75 12 94 81 47 99 70 40 13 
31 10 14 16 73 20 58 71 9 83 35 37 23 17 78 52 87 15 21 93 98 44 97 59 61 85 26 34 56 50 24 68 72 49 43 1 53 39 63 66 27 92 57 54 82 33 28 45 2 42 
65 64 3 96 55 79 30 88 41 7 91 0 62 5 48 89 18 74 69 25 46 90 22 76 19 11 6 8 86 60 80 67 84 38 29 95 77 51 4 36 32 75 12 94 81 47 99 70 40 13 
32 75 12 94 81 49 43 72 67 84 38 29 95 77 51 13 2 45 28 33 54 6 8 56 86 50 76 22 90 31 14 73 20 9 89 48 5 62 0 91 7 41 88 30 79 55 96 74 18 46 
66 27 92 57 60 24 80 68 63 39 53 1 36 4 47 99 70 40 42 82 11 26 85 34 19 61 59 97 44 10 16 58 71 83 35 37 23 17 78 52 87 15 21 93 69 65 64 3 25 98 
32 75 12 94 81 49 43 72 68 63 39 53 1 80 24 60 50 86 8 6 56 19 85 61 76 97 44 10 16 58 71 83 35 37 23 17 78 52 87 15 21 93 69 65 64 3 25 98 27 66 
67 84 38 29 95 77 51 4 36 47 99 70 40 13 2 45 28 33 82 54 11 26 34 59 22 90 31 14 73 20 9 89 48 5 62 0 91 7 41 88 30 79 55 96 74 18 46 92 57 42 
33 82 54 11 26 85 34 19 56 6 8 86 76 59 61 22 97 90 44 31 10 14 16 73 20 35 98 17 93 21 15 18 74 96 55 79 41 7 46 84 29 77 4 32 75 81 28 45 2 42 
68 72 49 43 1 53 39 63 80 24 60 50 57 27 92 66 0 62 5 48 89 9 83 71 58 37 23 78 52 87 69 65 64 3 25 30 88 91 67 38 95 51 36 12 94 47 99 70 40 13 
33 82 54 11 26 85 34 19 56 6 8 86 50 60 24 80 68 72 49 43 1 53 39 63 67 84 38 29 95 77 51 4 36 32 75 12 94 81 47 99 70 40 13 2 45 28 42 61 3 65 
69 21 15 87 93 17 23 37 35 98 83 9 71 20 73 58 16 14 10 31 90 97 22 44 46 62 5 48 89 78 52 18 74 96 55 79 30 88 41 7 91 0 92 27 66 57 76 59 64 25 
34 85 26 11 19 56 6 8 86 50 60 24 80 68 72 49 43 1 53 39 63 67 84 81 66 92 46 31 10 14 16 73 20 58 37 23 78 52 87 69 65 64 3 25 30 88 91 97 22 76 
70 40 99 47 13 2 45 28 33 82 54 42 29 38 95 77 51 4 36 32 75 12 94 57 27 0 62 5 48 89 9 83 71 35 98 17 93 21 15 18 74 96 55 79 41 7 90 44 59 61 
34 85 26 11 19 56 6 8 86 50 60 24 80 68 72 49 43 1 53 39 63 67 84 38 29 95 77 51 4 36 32 75 12 94 81 47 99 70 40 13 2 45 28 33 82 54 42 61 74 25 
71 20 73 58 16 14 10 31 90 97 22 44 46 62 5 48 89 9 83 35 37 23 17 78 52 87 15 21 93 69 65 64 3 96 55 79 30 88 41 7 91 0 92 27 66 57 76 59 18 98 
35 37 23 17 78 52 87 15 21 93 69 65 64 3 96 55 79 30 88 41 7 91 0 62 5 48 89 9 83 71 20 73 58 98 18 74 25 67 38 95 51 36 12 94 47 99 70 40 13 82 
72 49 43 1 53 39 63 68 80 24 60 50 86 8 6 56 19 11 26 85 34 61 59 76 22 97 90 44 31 10 14 16 46 92 27 66 57 84 29 77 4 32 75 81 28 45 2 42 33 54 
35 37 23 17 78 52 87 15 21 93 69 65 64 3 96 55 79 18 46 31 10 44 97 59 61 85 26 34 56 50 24 68 72 49 43 1 53 39 63 66 27 92 57 54 82 33 28 45 2 42 
73 20 58 71 9 83 89 48 5 62 0 91 7 41 88 30 74 25 98 16 14 90 22 76 19 11 6 8 86 60 80 67 84 38 29 95 77 51 4 36 32 75 12 94 81 47 99 70 40 13 
36 4 77 51 95 38 29 47 99 70 40 13 2 45 28 33 82 54 11 26 85 34 19 56 6 8 86 50 60 24 80 68 72 49 43 1 53 39 63 67 84 81 94 12 32 75 42 61 59 76 
74 18 52 78 17 23 37 35 98 83 9 71 20 73 58 16 14 10 31 90 97 22 44 46 62 5 48 89 91 7 41 88 30 79 55 96 3 64 65 25 69 21 15 87 93 0 92 27 66 57 
36 4 77 51 95 38 29 47 99 70 40 13 2 45 28 33 82 54 11 26 34 59 22 90 31 14 73 20 9 89 48 5 62 0 91 7 41 88 30 79 55 96 74 18 46 92 57 68 63 1 
75 32 12 94 81 49 43 72 67 84 80 24 60 50 86 8 6 56 19 85 61 76 97 44 10 16 58 71 83 35 37 23 17 78 52 87 15 21 93 69 65 64 3 25 98 27 66 39 53 42 
37 23 17 78 52 87 15 21 93 69 65 64 3 96 55 79 30 88 41 7 91 0 62 5 48 89 9 83 71 20 73 58 16 14 10 31 90 97 22 44 46 92 27 66 57 54 82 34 35 98 
76 59 61 85 26 11 19 56 6 8 86 50 60 24 80 68 72 49 43 1 53 39 63 67 84 38 29 95 77 51 4 36 32 75 12 94 81 47 99 70 40 13 2 45 28 33 42 74 18 25 
37 23 17 78 52 87 15 21 93 69 65 64 3 96 55 79 30 88 41 7 91 0 62 5 48 89 9 83 71 20 73 58 16 14 10 31 90 97 22 44 46 92 27 66 57 76 59 42 74 18 
77 51 95 4 36 32 75 12 94 81 49 43 72 67 84 38 29 47 99 70 40 13 2 45 28 33 82 54 11 26 85 34 19 56 6 8 86 50 60 24 80 68 63 39 53 1 61 35 98 25 
38 29 95 77 51 4 36 32 75 12 94 81 49 43 72 67 84 80 24 60 50 86 8 6 56 19 11 26 85 34 61 59 76 22 97 46 27 66 39 53 33 82 54 42 70 40 74 17 23 35 
78 52 87 15 21 93 69 65 64 3 96 55 79 30 88 41 7 91 0 62 5 48 89 9 83 71 20 73 58 16 14 10 31 90 44 92 57 68 63 1 28 45 2 13 99 47 18 25 37 98 
38 29 95 77 51 4 36 32 75 12 94 81 49 43 72 67 84 80 24 60 50 86 8 6 56 19 11 26 85 34 61 59 76 54 82 33 45 42 70 40 74 18 52 78 17 23 37 35 98 93 
79 30 88 41 7 91 0 62 5 48 89 9 83 71 20 73 58 16 14 10 31 90 97 22 44 46 92 27 66 57 68 63 39 53 1 28 2 13 99 47 55 96 3 64 65 25 69 21 15 87 
39 63 53 1 43 49 72 67 84 38 29 95 77 51 4 36 32 75 12 94 81 68 57 27 92 66 0 62 5 48 89 78 52 87 15 21 65 3 96 55 79 30 88 46 54 33 28 13 70 99 
80 24 60 50 86 8 6 56 19 11 26 85 34 61 59 76 22 97 90 44 31 10 14 16 73 20 58 71 9 83 35 37 23 17 93 69 64 25 18 74 91 7 41 98 82 45 2 42 40 47 
39 63 53 1 43 49 72 67 84 38 29 28 45 2 42 33 54 6 8 56 86 50 60 24 80 68 57 27 92 66 0 62 5 48 89 9 83 37 23 78 52 87 69 65 64 3 25 30 88 91 
81 94 12 32 75 36 4 77 51 95 47 99 70 40 13 82 11 26 85 34 19 61 59 76 22 97 90 44 31 10 14 16 73 20 58 71 35 98 17 93 21 15 18 74 96 55 79 41 7 46 
40 70 99 47 13 2 29 38 95 77 51 4 36 32 75 12 94 81 49 43 72 67 84 1 57 92 46 31 10 14 16 73 20 58 37 23 78 52 87 69 65 64 3 25 30 88 91 97 22 76 
82 54 33 28 45 42 11 26 85 34 19 56 6 8 86 50 60 24 80 68 63 39 53 66 27 0 62 5 48 89 9 83 71 35 98 17 93 21 15 18 74 96 55 79 41 7 90 44 59 61 
40 70 99 47 13 2 45 28 33 82 54 11 26 85 34 19 56 6 8 86 50 60 24 80 68 72 49 43 1 53 39 63 67 84 38 29 95 77 51 4 36 32 75 12 94 81 74 18 17 98 
83 9 71 20 73 58 16 14 10 31 90 97 22 44 46 62 5 48 89 78 52 87 15 21 93 69 65 64 3 96 55 79 30 88 41 7 91 0 92 27 66 57 76 59 61 42 35 37 23 25 
41 88 30 79 55 96 74 18 52 78 17 23 37 35 98 83 9 71 20 73 58 16 14 10 31 90 97 44 92 27 66 57 0 7 64 25 15 87 54 33 28 13 70 99 51 95 38 29 81 94 
84 67 72 49 43 1 53 39 63 68 80 24 60 50 86 8 6 56 19 11 26 85 34 61 59 76 22 46 62 5 48 89 91 3 65 69 21 93 82 45 2 42 40 47 77 4 36 32 75 12 
41 88 30 79 55 96 74 18 52 78 17 23 37 35 98 83 9 71 20 73 58 16 14 10 31 90 97 22 44 46 62 5 48 89 91 7 0 92 27 66 57 76 59 61 34 42 87 15 21 93 
85 26 11 19 56 6 8 86 50 60 24 80 68 72 49 43 1 53 39 63 67 84 38 29 95 77 51 4 36 32 75 12 94 81 47 99 70 40 13 2 45 28 33 82 54 3 64 65 25 69 
42 2 45 28 33 82 54 11 26 85 34 19 56 6 8 61 59 76 22 97 90 44 31 10 14 16 73 20 58 71 9 83 35 37 23 17 78 52 87 15 21 93 69 65 64 3 25 41 7 46 
86 50 60 24 80 68 72 49 43 1 53 39 63 67 84 38 29 95 77 51 4 36 32 75 12 94 81 47 99 70 40 13 57 27 92 66 0 62 5 48 89 18 74 96 55 79 30 88 91 98 
42 2 45 28 33 82 54 11 26 85 34 19 56 6 8 86 50 60 24 80 68 72 49 43 1 53 39 63 67 84 38 29 95 77 51 4 36 32 75 12 94 81 47 99 70 40 13 61 3 65 
87 15 21 93 69 52 78 17 23 37 35 98 83 9 71 20 73 58 16 14 10 31 90 97 22 44 46 62 5 48 89 18 74 96 55 79 30 88 41 7 91 0 92 27 66 57 76 59 64 25 
43 49 72 67 84 38 29 95 77 51 4 36 32 75 12 94 81 1 53 39 63 68 80 24 60 50 86 8 6 56 19 11 26 85 34 61 59 76 57 66 82 45 2 42 40 47 64 25 15 87 
88 41 30 79 55 96 74 18 52 78 17 23 37 35 98 83 9 71 20 73 58 16 14 10 31 90 97 22 44 46 62 5 48 89 91 7 0 92 27 54 33 28 13 70 99 3 65 69 21 93 
43 49 72 67 84 38 29 95 77 51 4 36 32 75 12 94 81 1 53 39 63 68 80 24 60 50 86 8 6 56 19 11 26 85 34 61 59 76 57 66 82 45 2 42 40 47 64 25 15 87 
89 48 5 62 0 91 7 41 88 30 79 55 96 74 18 52 78 17 23 37 35 98 83 9 71 20 73 58 16 14 10 31 90 97 22 44 46 92 27 54 33 28 13 70 99 3 65 69 21 93 
44 97 31 10 14 16 73 20 58 71 9 83 35 37 23 17 78 52 87 15 21 93 69 65 64 3 96 55 79 30 88 41 7 91 0 62 5 48 89 18 74 25 98 46 92 27 66 57 54 82 
90 22 59 61 76 19 11 26 85 34 56 6 8 86 50 60 24 80 68 72 49 43 1 53 39 63 67 84 38 29 95 77 51 4 36 32 75 12 94 81 47 99 70 40 13 2 45 28 33 42 
44 90 97 22 59 61 76 19 11 26 85 34 56 6 8 86 50 60 24 80 68 72 49 43 1 53 39 63 67 84 38 29 95 77 51 4 36 32 75 12 94 81 47 99 70 40 13 2 45 28 
91 7 41 88 30 79 55 96 74 18 52 78 17 23 37 35 98 83 9 71 20 73 58 16 14 10 31 46 62 5 48 89 87 15 21 93 69 65 64 3 25 0 92 27 66 57 54 82 33 42 
45 2 42 28 33 82 54 11 26 85 34 19 56 6 8 86 50 76 59 61 22 97 90 44 31 10 14 16 73 20 58 71 9 83 35 37 23 17 78 52 87 15 21 93 69 65 64 3 25 0 
92 27 66 57 60 24 80 68 72 49 43 1 53 39 63 67 84 38 29 95 77 51 4 36 32 75 12 94 81 47 99 70 40 13 46 62 5 48 89 18 74 96 55 79 30 88 41 7 91 98 
45 2 42 28 33 82 54 11 26 85 34 19 56 6 8 86 50 60 24 80 68 72 49 43 1 53 39 63 67 84 38 29 95 77 51 4 36 32 75 12 94 81 47 99 70 40 13 61 64 25 
93 21 15 87 52 78 17 23 37 35 98 83 9 71 20 73 58 16 14 10 31 90 97 22 44 46 62 5 48 89 18 74 96 55 79 30 88 41 7 91 0 92 27 66 57 76 59 3 65 69 
46 31 10 14 16 73 20 58 71 9 83 35 37 23 17 78 52 87 15 21 93 69 65 64 3 96 55 79 30 88 41 7 91 0 62 5 48 89 18 74 25 98 44 90 97 22 59 61 76 57 
94 12 32 75 81 49 43 72 67 84 38 29 95 77 51 4 36 47 99 70 40 13 2 45 28 33 82 54 11 26 85 34 19 56 6 8 86 50 60 24 80 68 63 39 53 1 66 27 92 42 
46 31 10 14 16 73 20 58 71 9 83 35 37 23 17 78 52 87 15 21 93 69 65 64 3 96 55 79 30 88 41 7 91 0 62 5 48 89 18 74 25 98 44 90 97 22 59 61 76 57 
95 77 51 4 36 32 75 12 94 81 49 43 72 67 84 38 29 47 99 70 40 13 2 45 28 33 82 54 11 26 85 34 19 56 6 8 86 50 60 24 80 68 63 39 53 1 66 27 92 42 
47 99 70 40 13 2 45 28 33 82 54 11 26 85 34 19 56 6 8 86 50 60 24 80 68 72 49 43 1 53 39 63 67 84 38 29 95 77 36 12 94 74 3 64 65 25 69 21 15 87 
96 55 79 30 88 41 7 91 0 62 5 48 89 9 83 71 20 73 58 16 14 10 31 90 97 22 44 46 92 27 66 57 76 59 61 42 51 4 32 75 81 18 52 78 17 23 37 35 98 93 
47 99 70 40 13 2 45 28 33 82 54 6 8 86 60 80 67 84 38 29 95 77 51 4 36 32 75 12 94 81 42 31 10 14 16 73 58 37 23 78 52 87 69 65 64 3 25 30 88 91 
97 90 44 22 59 61 76 19 11 26 85 34 56 50 24 68 72 49 43 1 53 39 63 66 27 92 57 0 62 5 48 89 9 83 71 20 35 98 17 93 21 15 18 74 96 55 79 41 7 46 
48 5 62 0 91 7 41 88 30 79 55 96 74 18 3 89 83 20 58 16 31 90 22 59 61 76 19 11 26 85 34 56 6 8 86 50 54 82 33 28 45 2 42 13 70 40 99 47 12 94 
98 35 37 23 17 78 52 87 15 21 93 69 65 64 25 9 71 73 10 14 44 97 46 92 27 66 57 60 24 80 68 72 49 43 1 53 39 63 67 84 38 29 95 77 51 4 36 32 75 81 
48 5 62 0 91 7 41 88 30 79 55 96 74 18 52 78 17 23 37 35 98 83 9 71 20 73 58 16 14 10 31 90 97 22 44 46 92 27 66 57 76 59 61 42 47 89 87 15 21 93 
99 70 40 13 2 45 28 33 82 54 11 26 85 34 19 56 6 8 86 50 60 24 80 68 72 49 43 1 53 39 63 67 84 38 29 95 77 51 4 36 32 75 12 94 81 3 64 65 25 69 
49 43 72 67 84 38 29 95 77 51 4 36 32 75 12 94 81 1 53 39 63 68 80 66 92 46 31 10 14 16 73 20 58 37 23 78 52 87 69 65 64 3 25 30 88 91 97 22 76 42 
99 70 40 13 2 45 28 33 82 54 11 26 85 34 19 56 6 8 86 50 60 24 57 27 0 62 5 48 89 9 83 71 35 98 17 93 21 15 18 74 96 55 79 41 7 90 44 59 61 47 
49 43 72 67 84 38 29 95 77 51 4 36 32 75 12 94 81 1 53 39 63 68 80 66 92 46 31 10 14 16 73 20 58 37 23 78 52 87 69 65 64 3 25 30 88 91 97 22 76 42 
99 70 40 13 2 45 28 33 82 54 11 26 85 34 19 56 6 8 86 50 60 24 57 27 0 62 5 48 89 9 83 71 35 98 17 93 21 15 18 74 96 55 79 41 7 90 44 59 61 47 
