5 0 46 97 44 10 20 71 58 73 14 31 90 27 66 13 70 57 92 91 41 79 96 64 25 65 3 55 30 88 7 62 48 74 18 89 78 52 15 93 21 87 69 17 37 98 23 83 35 9 5 
26 34 85 61 76 22 59 16 19 56 50 86 24 68 49 81 12 36 77 38 29 95 47 40 99 51 4 32 75 94 43 63 53 39 1 72 84 67 80 60 8 6 54 33 28 2 42 45 82 11 26 
5 0 46 97 44 10 20 71 58 73 14 31 90 27 66 13 70 57 92 91 41 79 96 64 25 65 3 55 30 88 7 62 48 74 18 89 78 52 15 93 21 87 69 17 37 98 23 83 35 9 5 
26 34 85 61 76 22 59 16 19 56 50 86 24 68 49 81 12 36 77 38 29 95 47 40 99 51 4 32 75 94 43 63 53 39 1 72 84 67 80 60 8 6 54 33 28 2 42 45 82 11 26 
49 1 63 53 39 81 12 36 77 95 47 13 45 82 11 26 54 33 28 42 2 70 40 99 51 4 32 75 94 43 68 24 50 56 8 86 6 60 27 66 88 41 92 57 80 72 67 84 38 29 49 
23 35 98 37 83 71 73 58 20 16 14 31 90 22 76 19 34 85 61 59 97 44 10 9 48 62 46 0 91 7 96 79 30 55 74 5 89 17 87 21 69 93 15 52 3 65 25 64 18 78 23 
49 1 63 53 39 81 12 36 77 95 47 13 45 82 11 26 54 33 28 42 2 70 40 99 51 4 32 75 94 43 68 24 50 56 8 86 6 60 27 66 88 41 92 57 80 72 67 84 38 29 49 
23 35 98 37 83 71 73 58 20 16 14 31 90 22 76 19 34 85 61 59 97 44 10 9 48 62 46 0 91 7 96 79 30 55 74 5 89 17 87 21 69 93 15 52 3 65 25 64 18 78 23 
28 2 13 84 29 47 99 40 70 42 45 82 11 19 61 76 22 90 46 31 14 16 58 20 71 35 98 23 93 69 65 15 17 37 83 9 73 10 44 97 59 85 34 26 54 33 6 56 86 8 28 
77 36 32 75 94 49 67 80 24 60 27 66 0 7 41 79 55 74 52 21 87 78 18 3 25 64 96 30 88 91 5 89 48 62 92 57 50 68 39 53 63 72 1 43 81 12 4 51 95 38 77 
28 2 13 84 29 47 99 40 70 42 45 82 11 19 61 76 22 90 46 31 14 16 58 20 71 35 98 23 93 69 65 15 17 37 83 9 73 10 44 97 59 85 34 26 54 33 6 56 86 8 28 
77 36 32 75 94 49 67 80 24 60 27 66 0 7 41 79 55 74 52 21 87 78 18 3 25 64 96 30 88 91 5 89 48 62 92 57 50 68 39 53 63 72 1 43 81 12 4 51 95 38 77 
65 3 18 15 69 93 52 48 89 62 46 0 27 66 60 80 68 49 81 12 36 77 4 32 75 94 43 63 53 39 1 72 84 38 67 24 86 50 57 92 91 7 5 74 96 79 30 55 64 25 65 
17 37 98 35 83 71 73 16 14 31 90 22 76 19 6 82 45 42 2 70 40 99 47 13 95 51 29 28 33 54 8 56 26 11 34 85 59 97 44 10 58 20 61 9 23 78 88 41 21 87 17 
65 3 18 15 69 93 52 48 89 62 46 0 27 66 60 80 68 49 81 12 36 77 4 32 75 94 43 63 53 39 1 72 84 38 67 24 86 50 57 92 91 7 5 74 96 79 30 55 64 25 65 
17 37 98 35 83 71 73 16 14 31 90 22 76 19 6 82 45 42 2 70 40 99 47 13 95 51 29 28 33 54 8 56 26 11 34 85 59 97 44 10 58 20 61 9 23 78 88 41 21 87 17 
77 4 32 75 94 81 12 36 51 99 13 45 54 26 34 85 61 76 22 90 46 31 14 16 58 20 71 35 98 23 93 65 69 17 37 83 9 73 10 44 97 59 19 11 82 42 2 70 40 47 77 
95 38 67 49 43 68 24 50 56 8 86 6 60 27 66 0 7 41 79 55 74 52 15 21 87 78 18 3 25 64 96 30 88 91 5 89 48 62 92 57 80 63 53 39 1 72 84 28 33 29 95 
77 4 32 75 94 81 12 36 51 99 13 45 54 26 34 85 61 76 22 90 46 31 14 16 58 20 71 35 98 23 93 65 69 17 37 83 9 73 10 44 97 59 19 11 82 42 2 70 40 47 77 
95 38 67 49 43 68 24 50 56 8 86 6 60 27 66 0 7 41 79 55 74 52 15 21 87 78 18 3 25 64 96 30 88 91 5 89 48 62 92 57 80 63 53 39 1 72 84 28 33 29 95 
62 0 46 97 22 44 76 61 59 31 14 16 58 20 71 73 10 90 27 66 57 92 91 41 79 96 64 65 3 55 30 88 7 74 18 5 89 78 52 15 93 21 87 17 37 23 83 35 9 48 62 
53 25 98 69 39 68 24 50 86 60 80 67 84 29 77 4 32 75 94 81 12 36 51 99 13 45 82 6 56 8 11 19 85 34 26 54 33 28 42 2 70 40 47 95 38 72 63 43 49 1 53 
62 0 46 97 22 44 76 61 59 31 14 16 58 20 71 73 10 90 27 66 57 92 91 41 79 96 64 65 3 55 30 88 7 74 18 5 89 78 52 15 93 21 87 17 37 23 83 35 9 48 62 
53 25 98 69 39 68 24 50 86 60 80 67 84 29 77 4 32 75 94 81 12 36 51 99 13 45 82 6 56 8 11 19 85 34 26 54 33 28 42 2 70 40 47 95 38 72 63 43 49 1 53 
56 6 19 61 76 22 90 92 57 66 27 0 62 91 96 18 74 48 89 52 15 93 21 87 17 78 83 35 9 5 46 31 14 16 10 44 97 59 85 26 34 11 82 54 8 86 60 80 24 50 56 
99 40 70 2 42 28 33 45 13 29 77 51 4 36 32 75 94 81 12 38 67 49 43 68 63 53 41 71 73 58 37 98 23 20 7 30 55 64 25 65 69 3 79 88 39 1 72 84 95 47 99 
56 6 19 61 76 22 90 92 57 66 27 0 62 91 96 18 74 48 89 52 15 93 21 87 17 78 83 35 9 5 46 31 14 16 10 44 97 59 85 26 34 11 82 54 8 86 60 80 24 50 56 
99 40 70 2 42 28 33 45 13 29 77 51 4 36 32 75 94 81 12 38 67 49 43 68 63 53 41 71 73 58 37 98 23 20 7 30 55 64 25 65 69 3 79 88 39 1 72 84 95 47 99 
0 7 74 3 65 64 52 87 69 25 21 93 15 17 37 98 35 9 20 58 10 44 31 14 16 73 71 83 23 78 18 48 89 62 5 91 39 53 84 29 77 4 51 95 38 81 12 75 94 63 0 
30 41 66 92 90 22 97 46 57 50 56 19 61 76 59 85 26 34 11 82 33 28 13 70 47 32 36 99 40 2 42 45 54 6 8 86 24 68 49 43 1 72 67 80 60 27 88 79 96 55 30 
0 7 74 3 65 64 52 87 69 25 21 93 15 17 37 98 35 9 20 58 10 44 31 14 16 73 71 83 23 78 18 48 89 62 5 91 39 53 84 29 77 4 51 95 38 81 12 75 94 63 0 
30 41 66 92 90 22 97 46 57 50 56 19 61 76 59 85 26 34 11 82 33 28 13 70 47 32 36 99 40 2 42 45 54 6 8 86 24 68 49 43 1 72 67 80 60 27 88 79 96 55 30 
56 8 86 60 57 66 92 0 46 31 14 16 58 20 71 35 98 23 17 37 83 9 73 10 62 48 65 5 7 41 91 27 80 72 49 63 68 24 50 6 54 82 11 26 85 59 76 61 34 19 56 
45 42 2 70 40 99 13 47 95 51 4 32 75 94 81 12 36 77 38 29 28 84 43 39 53 30 55 74 52 15 93 21 69 87 78 89 18 3 25 64 96 79 88 1 67 22 90 44 97 33 45 
56 8 86 60 57 66 92 0 46 31 14 16 58 20 71 35 98 23 17 37 83 9 73 10 62 48 65 5 7 41 91 27 80 72 49 63 68 24 50 6 54 82 11 26 85 59 76 61 34 19 56 
45 42 2 70 40 99 13 47 95 51 4 32 75 94 81 12 36 77 38 29 28 84 43 39 53 30 55 74 52 15 93 21 69 87 78 89 18 3 25 64 96 79 88 1 67 22 90 44 97 33 45 
71 9 89 52 15 93 21 65 3 25 64 69 87 17 37 35 98 23 78 5 62 46 97 22 76 61 59 44 10 16 14 31 90 0 92 27 91 7 88 30 41 74 55 96 18 48 83 20 58 73 71 
72 43 81 12 36 77 29 95 47 13 45 82 6 56 86 8 11 19 85 34 26 54 33 28 42 2 70 40 99 51 4 32 75 94 1 39 53 63 68 49 67 38 84 80 60 66 79 57 50 24 72 
71 9 89 52 15 93 21 65 3 25 64 69 87 17 37 35 98 23 78 5 62 46 97 22 76 61 59 44 10 16 14 31 90 0 92 27 91 7 88 30 41 74 55 96 18 48 83 20 58 73 71 
72 43 81 12 36 77 29 95 47 13 45 82 6 56 86 8 11 19 85 34 26 54 33 28 42 2 70 40 99 51 4 32 75 94 1 39 53 63 68 49 67 38 84 80 60 66 79 57 50 24 72 
16 10 31 27 76 19 6 82 45 42 2 70 40 99 47 13 28 33 54 8 56 85 11 26 34 61 59 14 73 71 35 98 23 78 87 69 25 79 53 30 65 21 93 15 17 37 83 9 20 58 16 
97 44 46 62 48 96 55 3 64 18 52 89 5 91 7 41 88 0 74 66 60 24 68 49 81 12 36 77 29 95 51 4 32 75 94 43 63 39 1 72 84 38 67 80 86 50 57 92 90 22 97 
16 10 31 27 76 19 6 82 45 42 2 70 40 99 47 13 28 33 54 8 56 85 11 26 34 61 59 14 73 71 35 98 23 78 87 69 25 79 53 30 65 21 93 15 17 37 83 9 20 58 16 
97 44 46 62 48 96 55 3 64 18 52 89 5 91 7 41 88 0 74 66 60 24 68 49 81 12 36 77 29 95 51 4 32 75 94 43 63 39 1 72 84 38 67 80 86 50 57 92 90 22 97 
85 11 6 8 86 60 27 66 0 7 41 79 55 74 52 15 69 21 87 78 18 3 64 96 30 88 91 5 89 48 62 92 57 80 68 49 43 63 53 1 72 24 50 56 19 26 34 61 76 59 85 
28 45 82 22 90 46 31 14 16 58 20 71 35 98 23 93 25 65 17 37 83 9 73 10 44 97 54 33 42 2 70 40 99 47 13 29 77 36 12 81 94 75 32 4 51 95 84 39 67 38 28 
85 11 6 8 86 60 27 66 0 7 41 79 55 74 52 15 69 21 87 78 18 3 64 96 30 88 91 5 89 48 62 92 57 80 68 49 43 63 53 1 72 24 50 56 19 26 34 61 76 59 85 
28 45 82 22 90 46 31 14 16 58 20 71 35 98 23 93 25 65 17 37 83 9 73 10 44 97 54 33 42 2 70 40 99 47 13 29 77 36 12 81 94 75 32 4 51 95 84 39 67 38 28 
75 12 81 43 68 63 53 39 1 72 80 86 20 71 37 87 21 93 98 35 58 73 6 56 8 24 67 33 28 13 70 47 99 40 2 42 45 54 82 84 49 94 32 4 77 38 29 95 51 36 75 
90 0 27 66 60 19 85 61 76 59 34 26 11 50 57 92 62 91 41 79 96 3 65 25 64 55 30 88 7 74 48 18 89 52 78 69 15 17 23 9 83 5 46 31 14 16 10 44 97 22 90 
75 12 81 43 68 63 53 39 1 72 80 86 20 71 37 87 21 93 98 35 58 73 6 56 8 24 67 33 28 13 70 47 99 40 2 42 45 54 82 84 49 94 32 4 77 38 29 95 51 36 75 
90 0 27 66 60 19 85 61 76 59 34 26 11 50 57 92 62 91 41 79 96 3 65 25 64 55 30 88 7 74 48 18 89 52 78 69 15 17 23 9 83 5 46 31 14 16 10 44 97 22 90 
45 13 2 42 28 33 54 26 34 85 61 76 22 90 46 31 14 16 58 20 71 35 98 23 17 87 69 65 21 93 15 78 37 83 9 73 10 44 97 59 19 56 50 24 60 86 8 6 11 82 45 
70 47 51 38 67 49 43 68 66 27 0 7 41 79 55 74 52 18 3 25 64 96 30 88 91 5 89 48 62 92 57 80 63 53 39 1 72 84 29 95 4 32 12 81 94 75 36 77 99 40 70 
45 13 2 42 28 33 54 26 34 85 61 76 22 90 46 31 14 16 58 20 71 35 98 23 17 87 69 65 21 93 15 78 37 83 9 73 10 44 97 59 19 56 50 24 60 86 8 6 11 82 45 
70 47 51 38 67 49 43 68 66 27 0 7 41 79 55 74 52 18 3 25 64 96 30 88 91 5 89 48 62 92 57 80 63 53 39 1 72 84 29 95 4 32 12 81 94 75 36 77 99 40 70 
10 14 73 71 20 98 58 16 31 46 27 7 66 92 60 80 72 43 49 68 24 84 29 45 2 42 28 77 4 51 47 95 38 67 86 8 6 54 11 26 85 19 56 50 57 90 22 59 97 44 10 
62 48 89 9 35 37 23 78 52 15 93 21 69 87 17 83 5 18 3 65 25 64 96 55 30 41 53 1 94 75 32 13 82 33 70 40 99 36 12 81 63 39 88 79 74 91 0 76 34 61 62 
10 14 73 71 20 98 58 16 31 46 27 7 66 92 60 80 72 43 49 68 24 84 29 45 2 42 28 77 4 51 47 95 38 67 86 8 6 54 11 26 85 19 56 50 57 90 22 59 97 44 10 
62 48 89 9 35 37 23 78 52 15 93 21 69 87 17 83 5 18 3 65 25 64 96 55 30 41 53 1 94 75 32 13 82 33 70 40 99 36 12 81 63 39 88 79 74 91 0 76 34 61 62 
21 15 52 18 64 25 65 3 74 55 30 41 88 79 96 48 91 7 5 0 27 66 57 92 46 90 22 76 97 44 31 62 89 83 71 73 16 10 58 20 9 78 17 23 35 98 37 87 93 69 21 
72 49 67 38 95 47 13 45 33 54 26 34 85 61 14 59 19 56 86 8 6 11 82 28 42 2 70 40 99 51 4 32 75 94 12 36 77 29 84 43 81 1 63 53 39 68 24 50 60 80 72 
21 15 52 18 64 25 65 3 74 55 30 41 88 79 96 48 91 7 5 0 27 66 57 92 46 90 22 76 97 44 31 62 89 83 71 73 16 10 58 20 9 78 17 23 35 98 37 87 93 69 21 
72 49 67 38 95 47 13 45 33 54 26 34 85 61 14 59 19 56 86 8 6 11 82 28 42 2 70 40 99 51 4 32 75 94 12 36 77 29 84 43 81 1 63 53 39 68 24 50 60 80 72 
10 16 58 20 71 35 98 37 83 17 87 21 65 96 3 25 64 69 93 15 52 18 78 23 9 89 5 62 0 27 7 88 81 94 53 30 55 79 41 91 74 48 73 14 31 46 90 22 97 44 10 
60 50 56 19 61 76 59 85 26 34 11 82 45 42 2 70 40 99 47 13 29 77 36 12 75 32 4 51 95 38 28 33 54 6 8 86 24 68 49 43 63 39 1 72 84 67 80 57 92 66 60 
10 16 58 20 71 35 98 37 83 17 87 21 65 96 3 25 64 69 93 15 52 18 78 23 9 89 5 62 0 27 7 88 81 94 53 30 55 79 41 91 74 48 73 14 31 46 90 22 97 44 10 
60 50 56 19 61 76 59 85 26 34 11 82 45 42 2 70 40 99 47 13 29 77 36 12 75 32 4 51 95 38 28 33 54 6 8 86 24 68 49 43 63 39 1 72 84 67 80 57 92 66 60 
37 17 87 21 65 96 3 25 64 69 93 15 52 18 74 48 91 41 79 55 30 88 66 81 27 7 5 0 92 46 31 90 22 97 44 14 16 58 20 71 73 10 62 89 78 23 83 9 35 98 37 
95 51 47 99 40 70 2 28 82 6 56 86 8 60 57 80 68 49 43 63 53 39 1 72 84 67 24 50 11 19 61 76 59 85 34 26 54 33 42 45 13 29 38 77 36 12 94 75 32 4 95 
37 17 87 21 65 96 3 25 64 69 93 15 52 18 74 48 91 41 79 55 30 88 66 81 27 7 5 0 92 46 31 90 22 97 44 14 16 58 20 71 73 10 62 89 78 23 83 9 35 98 37 
95 51 47 99 40 70 2 28 82 6 56 86 8 60 57 80 68 49 43 63 53 39 1 72 84 67 24 50 11 19 61 76 59 85 34 26 54 33 42 45 13 29 38 77 36 12 94 75 32 4 95 
96 18 48 89 9 62 31 44 22 76 56 50 24 67 84 29 77 4 51 99 70 40 47 95 36 38 49 80 60 86 8 82 33 6 19 90 46 0 27 91 5 74 3 25 55 79 88 7 41 30 96 
87 52 78 17 37 98 35 71 73 16 14 97 57 68 72 43 94 75 32 12 81 1 39 53 63 66 92 61 34 26 54 28 13 2 42 45 11 85 59 10 58 20 83 23 15 93 21 69 64 65 87 
96 18 48 89 9 62 31 44 22 76 56 50 24 67 84 29 77 4 51 99 70 40 47 95 36 38 49 80 60 86 8 82 33 6 19 90 46 0 27 91 5 74 3 25 55 79 88 7 41 30 96 
87 52 78 17 37 98 35 71 73 16 14 97 57 68 72 43 94 75 32 12 81 1 39 53 63 66 92 61 34 26 54 28 13 2 42 45 11 85 59 10 58 20 83 23 15 93 21 69 64 65 87 
26 19 56 50 86 60 8 6 54 33 28 2 42 45 82 11 85 61 76 22 90 92 0 62 48 74 18 89 52 15 93 87 78 23 35 9 71 73 20 83 5 46 31 14 16 10 44 97 59 34 26 
63 53 1 81 12 75 94 49 67 38 29 84 72 77 36 32 4 51 99 13 70 40 47 95 43 39 68 24 66 7 88 30 55 3 69 17 98 37 21 64 96 79 41 65 25 91 58 27 57 80 63 
26 19 56 50 86 60 8 6 54 33 28 2 42 45 82 11 85 61 76 22 90 92 0 62 48 74 18 89 52 15 93 87 78 23 35 9 71 73 20 83 5 46 31 14 16 10 44 97 59 34 26 
63 53 1 81 12 75 94 49 67 38 29 84 72 77 36 32 4 51 99 13 70 40 47 95 43 39 68 24 66 7 88 30 55 3 69 17 98 37 21 64 96 79 41 65 25 91 58 27 57 80 63 
58 20 71 35 98 37 83 17 87 21 65 96 3 25 64 69 93 15 52 18 78 23 9 89 5 62 0 92 66 47 27 7 88 30 55 79 41 91 74 48 73 16 14 31 46 90 22 97 44 10 58 
33 54 26 34 85 61 76 59 19 56 50 24 67 49 81 12 32 75 94 43 63 39 1 72 38 29 77 4 51 36 95 84 80 53 68 60 57 86 8 6 11 82 45 42 2 70 40 99 13 28 33 
58 20 71 35 98 37 83 17 87 21 65 96 3 25 64 69 93 15 52 18 78 23 9 89 5 62 0 92 66 47 27 7 88 30 55 79 41 91 74 48 73 16 14 31 46 90 22 97 44 10 58 
33 54 26 34 85 61 76 59 19 56 50 24 67 49 81 12 32 75 94 43 63 39 1 72 38 29 77 4 51 36 95 84 80 53 68 60 57 86 8 6 11 82 45 42 2 70 40 99 13 28 33 
87 21 65 25 64 69 93 15 52 18 89 78 23 83 20 58 10 44 97 19 6 56 26 54 33 28 29 13 70 47 99 40 2 42 45 82 11 34 85 22 90 31 14 16 73 71 35 98 37 17 87 
74 55 79 88 7 0 27 66 60 80 68 49 81 12 36 77 95 51 4 32 75 94 43 63 53 39 1 72 84 38 67 24 86 8 50 57 76 61 59 92 62 46 48 9 5 91 41 30 96 3 74 
87 21 65 25 64 69 93 15 52 18 89 78 23 83 20 58 10 44 97 19 6 56 26 54 33 28 29 13 70 47 99 40 2 42 45 82 11 34 85 22 90 31 14 16 73 71 35 98 37 17 87 
74 55 79 88 7 0 27 66 60 80 68 49 81 12 36 77 95 51 4 32 75 94 43 63 53 39 1 72 84 38 67 24 86 8 50 57 76 61 59 92 62 46 48 9 5 91 41 30 96 3 74 
90 22 59 34 61 76 97 44 10 16 14 31 73 58 20 46 62 48 89 52 15 93 21 65 3 25 64 69 87 17 23 35 98 37 78 83 9 71 5 18 96 74 91 7 41 30 88 0 27 92 90 
8 56 19 85 26 11 82 45 42 2 70 40 99 47 13 29 77 36 12 81 94 75 32 4 51 95 84 67 38 28 33 54 6 86 60 66 55 79 57 80 72 43 63 53 39 1 49 68 24 50 8 
90 22 59 34 61 76 97 44 10 16 14 31 73 58 20 46 62 48 89 52 15 93 21 65 3 25 64 69 87 17 23 35 98 37 78 83 9 71 5 18 96 74 91 7 41 30 88 0 27 92 90 
8 56 19 85 26 11 82 45 42 2 70 40 99 47 13 29 77 36 12 81 94 75 32 4 51 95 84 67 38 28 33 54 6 86 60 66 55 79 57 80 72 43 63 53 39 1 49 68 24 50 8 
17 23 83 89 5 7 91 62 46 48 71 73 16 14 31 90 44 10 58 20 9 35 98 37 78 18 74 55 30 41 53 81 12 32 75 94 39 88 79 96 3 64 25 65 52 15 93 21 69 87 17 
92 57 50 56 19 61 76 22 97 59 85 26 34 11 82 45 33 2 13 29 38 77 36 4 51 95 47 99 40 70 42 54 6 28 8 86 24 68 49 43 63 1 72 84 67 80 60 66 27 0 92 
17 23 83 89 5 7 91 62 46 48 71 73 16 14 31 90 44 10 58 20 9 35 98 37 78 18 74 55 30 41 53 81 12 32 75 94 39 88 79 96 3 64 25 65 52 15 93 21 69 87 17 
92 57 50 56 19 61 76 22 97 59 85 26 34 11 82 45 33 2 13 29 38 77 36 4 51 95 47 99 40 70 42 54 6 28 8 86 24 68 49 43 63 1 72 84 67 80 60 66 27 0 92 
60 24 68 49 94 75 32 12 81 43 63 53 39 1 72 67 84 29 77 4 36 51 99 13 45 82 54 33 28 42 2 70 40 47 95 38 80 66 27 92 57 50 56 11 26 85 19 8 86 6 60 
20 58 10 44 97 22 61 34 59 90 0 7 41 79 55 74 52 18 3 65 25 64 96 30 88 91 5 89 48 62 46 76 31 14 16 73 71 35 98 23 78 15 93 21 69 87 17 37 83 9 20 
60 24 68 49 94 75 32 12 81 43 63 53 39 1 72 67 84 29 77 4 36 51 99 13 45 82 54 33 28 42 2 70 40 47 95 38 80 66 27 92 57 50 56 11 26 85 19 8 86 6 60 
20 58 10 44 97 22 61 34 59 90 0 7 41 79 55 74 52 18 3 65 25 64 96 30 88 91 5 89 48 62 46 76 31 14 16 73 71 35 98 23 78 15 93 21 69 87 17 37 83 9 20 
65 25 64 96 3 18 55 30 41 53 67 38 95 47 51 4 32 75 12 36 77 29 84 39 88 79 74 48 91 7 5 62 89 83 71 73 58 9 78 23 35 98 37 17 87 21 69 93 15 52 65 
76 59 97 44 10 16 14 31 20 46 92 57 50 86 24 68 49 94 81 43 63 1 72 80 60 66 27 0 90 22 61 85 34 26 11 56 8 54 33 28 13 99 40 70 2 42 45 82 6 19 76 
65 25 64 96 3 18 55 30 41 53 67 38 95 47 51 4 32 75 12 36 77 29 84 39 88 79 74 48 91 7 5 62 89 83 71 73 58 9 78 23 35 98 37 17 87 21 69 93 15 52 65 
76 59 97 44 10 16 14 31 20 46 92 57 50 86 24 68 49 94 81 43 63 1 72 80 60 66 27 0 90 22 61 85 34 26 11 56 8 54 33 28 13 99 40 70 2 42 45 82 6 19 76 
34 26 11 82 28 13 70 47 77 4 32 36 95 38 51 99 40 2 42 45 54 6 29 56 19 59 97 44 10 20 9 83 37 17 65 69 23 98 35 71 58 73 16 14 31 46 90 22 61 85 34 
80 60 86 76 8 33 50 27 66 0 7 41 79 55 74 52 15 93 21 87 78 18 3 25 64 96 30 88 91 5 89 48 62 92 57 24 68 49 94 75 12 81 43 63 53 39 1 72 84 67 80 
34 26 11 82 28 13 70 47 77 4 32 36 95 38 51 99 40 2 42 45 54 6 29 56 19 59 97 44 10 20 9 83 37 17 65 69 23 98 35 71 58 73 16 14 31 46 90 22 61 85 34 
80 60 86 76 8 33 50 27 66 0 7 41 79 55 74 52 15 93 21 87 78 18 3 25 64 96 30 88 91 5 89 48 62 92 57 24 68 49 94 75 12 81 43 63 53 39 1 72 84 67 80 
57 27 66 0 7 41 79 55 74 96 30 88 91 5 18 64 25 65 3 52 15 69 87 93 21 78 89 9 71 83 48 62 46 92 60 80 68 49 94 12 81 43 63 53 39 1 72 84 67 24 57 
76 61 34 26 11 82 45 42 2 70 40 99 47 13 95 51 4 32 75 36 77 38 29 28 33 54 6 8 86 50 56 19 85 59 97 44 10 20 37 98 23 17 35 58 73 16 14 31 90 22 76 
57 27 66 0 7 41 79 55 74 96 30 88 91 5 18 64 25 65 3 52 15 69 87 93 21 78 89 9 71 83 48 62 46 92 60 80 68 49 94 12 81 43 63 53 39 1 72 84 67 24 57 
76 61 34 26 11 82 45 42 2 70 40 99 47 13 95 51 4 32 75 36 77 38 29 28 33 54 6 8 86 50 56 19 85 59 97 44 10 20 37 98 23 17 35 58 73 16 14 31 90 22 76 
2 28 33 54 26 34 85 61 76 59 19 56 50 86 24 68 49 94 75 32 12 81 43 63 53 39 1 72 84 29 77 4 51 95 36 38 67 80 60 8 6 11 82 45 42 13 70 47 99 40 2 
48 62 0 46 97 22 44 31 10 20 71 58 73 16 14 90 27 66 57 92 91 41 79 30 88 7 55 96 64 25 65 69 21 93 87 52 15 3 18 74 5 89 78 17 37 98 23 83 35 9 48 
2 28 33 54 26 34 85 61 76 59 19 56 50 86 24 68 49 94 75 32 12 81 43 63 53 39 1 72 84 29 77 4 51 95 36 38 67 80 60 8 6 11 82 45 42 13 70 47 99 40 2 
48 62 0 46 97 22 44 31 10 20 71 58 73 16 14 90 27 66 57 92 91 41 79 30 88 7 55 96 64 25 65 69 21 93 87 52 15 3 18 74 5 89 78 17 37 98 23 83 35 9 48 
95 29 28 13 70 47 99 40 2 42 45 82 11 85 61 76 22 90 46 31 14 16 58 20 71 35 98 23 37 83 9 73 10 44 97 59 34 26 54 33 84 67 38 77 36 12 75 32 4 51 95 
53 63 68 24 50 56 8 86 6 60 27 66 0 7 41 79 55 74 18 78 17 87 69 21 93 15 52 3 65 25 64 96 30 88 91 5 89 48 62 92 57 80 19 49 94 81 43 72 39 1 53 
95 29 28 13 70 47 99 40 2 42 45 82 11 85 61 76 22 90 46 31 14 16 58 20 71 35 98 23 37 83 9 73 10 44 97 59 34 26 54 33 84 67 38 77 36 12 75 32 4 51 95 
53 63 68 24 50 56 8 86 6 60 27 66 0 7 41 79 55 74 18 78 17 87 69 21 93 15 52 3 65 25 64 96 30 88 91 5 89 48 62 92 57 80 19 49 94 81 43 72 39 1 53 
88 30 55 18 48 89 9 62 5 83 20 16 31 22 76 59 90 73 71 74 79 41 91 0 66 24 68 49 81 12 36 77 51 4 32 75 94 43 63 53 39 1 72 84 29 38 67 80 60 7 88 
3 64 25 69 15 52 78 23 35 10 44 46 27 92 57 50 56 19 61 85 26 34 11 82 45 42 2 70 40 99 47 95 13 28 33 54 6 8 86 97 14 58 98 37 17 87 93 21 65 96 3 
88 30 55 18 48 89 9 62 5 83 20 16 31 22 76 59 90 73 71 74 79 41 91 0 66 24 68 49 81 12 36 77 51 4 32 75 94 43 63 53 39 1 72 84 29 38 67 80 60 7 88 
3 64 25 69 15 52 78 23 35 10 44 46 27 92 57 50 56 19 61 85 26 34 11 82 45 42 2 70 40 99 47 95 13 28 33 54 6 8 86 97 14 58 98 37 17 87 93 21 65 96 3 
14 31 90 46 62 48 89 5 91 0 92 57 50 56 19 85 26 34 11 82 45 70 32 75 4 40 2 33 54 6 8 86 24 80 60 27 66 22 76 61 59 97 44 10 20 9 71 58 73 16 14 
3 65 25 69 21 93 87 17 37 98 35 23 78 52 83 15 64 96 79 88 39 68 72 84 28 42 99 47 13 29 38 77 12 94 36 51 95 67 49 81 43 1 63 53 7 41 30 55 18 74 3 
14 31 90 46 62 48 89 5 91 0 92 57 50 56 19 85 26 34 11 82 45 70 32 75 4 40 2 33 54 6 8 86 24 80 60 27 66 22 76 61 59 97 44 10 20 9 71 58 73 16 14 
3 65 25 69 21 93 87 17 37 98 35 23 78 52 83 15 64 96 79 88 39 68 72 84 28 42 99 47 13 29 38 77 12 94 36 51 95 67 49 81 43 1 63 53 7 41 30 55 18 74 3 
12 32 36 77 38 67 49 43 68 24 50 56 19 85 26 34 11 82 54 6 8 86 60 80 63 53 64 25 88 39 1 72 84 29 95 47 13 45 33 28 42 2 70 40 99 51 4 75 94 81 12 
92 0 90 22 76 61 59 44 10 20 9 83 37 98 23 78 18 74 55 30 41 79 96 3 65 52 15 93 21 69 87 17 35 71 58 73 16 14 31 97 46 62 48 89 5 7 91 66 27 57 92 
12 32 36 77 38 67 49 43 68 24 50 56 19 85 26 34 11 82 54 6 8 86 60 80 63 53 64 25 88 39 1 72 84 29 95 47 13 45 33 28 42 2 70 40 99 51 4 75 94 81 12 
92 0 90 22 76 61 59 44 10 20 9 83 37 98 23 78 18 74 55 30 41 79 96 3 65 52 15 93 21 69 87 17 35 71 58 73 16 14 31 97 46 62 48 89 5 7 91 66 27 57 92 
54 33 28 29 77 94 4 51 95 13 70 47 99 40 2 42 45 82 6 8 11 19 59 97 44 10 20 83 37 17 15 79 69 93 23 98 35 71 58 73 16 14 31 46 90 22 61 85 34 26 54 
72 67 80 68 60 27 66 92 62 5 89 9 48 74 18 78 87 21 52 3 65 64 25 96 55 91 41 30 88 7 0 57 86 76 56 50 24 84 36 32 75 12 38 49 81 43 63 53 39 1 72 
54 33 28 29 77 94 4 51 95 13 70 47 99 40 2 42 45 82 6 8 11 19 59 97 44 10 20 83 37 17 15 79 69 93 23 98 35 71 58 73 16 14 31 46 90 22 61 85 34 26 54 
72 67 80 68 60 27 66 92 62 5 89 9 48 74 18 78 87 21 52 3 65 64 25 96 55 91 41 30 88 7 0 57 86 76 56 50 24 84 36 32 75 12 38 49 81 43 63 53 39 1 72 
26 34 85 61 76 22 90 7 88 30 55 3 25 64 96 79 41 46 31 14 16 58 20 71 35 37 83 73 10 44 97 59 19 56 86 8 6 54 33 28 13 70 47 99 40 2 42 45 82 11 26 
49 68 24 50 57 92 62 5 89 52 15 93 21 65 69 87 17 98 23 78 9 48 18 74 91 0 66 27 60 80 63 53 39 72 43 94 75 32 4 51 95 77 36 12 81 1 67 38 29 84 49 
26 34 85 61 76 22 90 7 88 30 55 3 25 64 96 79 41 46 31 14 16 58 20 71 35 37 83 73 10 44 97 59 19 56 86 8 6 54 33 28 13 70 47 99 40 2 42 45 82 11 26 
49 68 24 50 57 92 62 5 89 52 15 93 21 65 69 87 17 98 23 78 9 48 18 74 91 0 66 27 60 80 63 53 39 72 43 94 75 32 4 51 95 77 36 12 81 1 67 38 29 84 49 
23 35 98 37 83 71 73 58 20 16 14 31 46 90 22 76 19 85 11 82 28 38 95 51 4 77 29 13 70 47 99 40 2 42 45 54 26 34 61 59 97 44 10 9 48 62 5 89 17 78 23 
15 69 65 96 79 88 7 0 92 57 50 56 6 33 8 86 24 68 49 94 75 32 36 12 81 43 63 53 39 1 72 84 67 80 60 66 27 91 41 30 55 74 18 3 25 64 21 93 87 52 15 
23 35 98 37 83 71 73 58 20 16 14 31 46 90 22 76 19 85 11 82 28 38 95 51 4 77 29 13 70 47 99 40 2 42 45 54 26 34 61 59 97 44 10 9 48 62 5 89 17 78 23 
15 69 65 96 79 88 7 0 92 57 50 56 6 33 8 86 24 68 49 94 75 32 36 12 81 43 63 53 39 1 72 84 67 80 60 66 27 91 41 30 55 74 18 3 25 64 21 93 87 52 15 
77 36 32 75 94 49 67 84 72 1 39 68 24 50 57 92 62 5 89 52 15 93 21 65 64 69 87 78 9 48 18 96 74 91 7 0 66 27 60 80 63 53 43 81 12 4 51 95 29 38 77 
99 70 2 42 28 33 54 26 34 85 61 76 22 90 41 79 3 25 55 30 88 46 31 14 16 58 20 71 35 98 23 17 37 83 73 10 44 97 59 19 56 86 8 6 11 82 45 13 40 47 99 
77 36 32 75 94 49 67 84 72 1 39 68 24 50 57 92 62 5 89 52 15 93 21 65 64 69 87 78 9 48 18 96 74 91 7 0 66 27 60 80 63 53 43 81 12 4 51 95 29 38 77 
99 70 2 42 28 33 54 26 34 85 61 76 22 90 41 79 3 25 55 30 88 46 31 14 16 58 20 71 35 98 23 17 37 83 73 10 44 97 59 19 56 86 8 6 11 82 45 13 40 47 99 
17 37 98 35 97 76 19 6 82 45 42 2 70 40 99 47 13 95 51 77 29 28 33 54 8 56 85 11 26 34 61 59 90 23 78 18 74 55 79 96 3 64 25 65 52 15 93 21 69 87 17 
73 71 9 89 5 62 46 0 92 57 24 68 49 81 12 36 4 32 75 94 43 63 53 39 1 72 84 38 67 80 86 60 66 50 27 91 41 30 88 7 48 83 20 58 10 31 22 44 14 16 73 
17 37 98 35 97 76 19 6 82 45 42 2 70 40 99 47 13 95 51 77 29 28 33 54 8 56 85 11 26 34 61 59 90 23 78 18 74 55 79 96 3 64 25 65 52 15 93 21 69 87 17 
73 71 9 89 5 62 46 0 92 57 24 68 49 81 12 36 4 32 75 94 43 63 53 39 1 72 84 38 67 80 86 60 66 50 27 91 41 30 88 7 48 83 20 58 10 31 22 44 14 16 73 
95 38 84 28 82 11 85 61 22 44 14 16 58 20 35 98 23 17 21 25 30 79 69 93 37 71 73 10 97 59 34 26 54 33 2 70 40 99 47 13 42 45 29 77 4 51 36 12 75 32 95 
43 72 67 80 24 57 92 90 31 46 62 48 89 52 15 87 78 83 9 5 18 3 65 64 96 55 74 91 41 88 7 0 66 27 60 86 8 6 19 76 56 50 68 49 94 81 1 39 53 63 43 
95 38 84 28 82 11 85 61 22 44 14 16 58 20 35 98 23 17 21 25 30 79 69 93 37 71 73 10 97 59 34 26 54 33 2 70 40 99 47 13 42 45 29 77 4 51 36 12 75 32 95 
43 72 67 80 24 57 92 90 31 46 62 48 89 52 15 87 78 83 9 5 18 3 65 64 96 55 74 91 41 88 7 0 66 27 60 86 8 6 19 76 56 50 68 49 94 81 1 39 53 63 43 
53 39 68 24 50 56 11 54 26 34 85 19 8 86 6 60 27 66 92 57 80 72 84 29 38 77 36 4 12 81 94 75 32 51 99 13 45 33 28 42 2 70 40 47 95 67 49 43 1 63 53 
58 73 71 35 98 37 83 17 87 21 65 96 79 88 41 30 55 3 25 64 69 93 15 52 18 78 23 9 89 5 62 0 7 91 74 48 20 10 31 46 90 22 76 82 61 59 97 44 14 16 58 
53 39 68 24 50 56 11 54 26 34 85 19 8 86 6 60 27 66 92 57 80 72 84 29 38 77 36 4 12 81 94 75 32 51 99 13 45 33 28 42 2 70 40 47 95 67 49 43 1 63 53 
58 73 71 35 98 37 83 17 87 21 65 96 79 88 41 30 55 3 25 64 69 93 15 52 18 78 23 9 89 5 62 0 7 91 74 48 20 10 31 46 90 22 76 82 61 59 97 44 14 16 58 
99 40 70 2 42 28 33 54 26 34 85 19 56 86 60 57 66 80 68 49 94 75 32 12 81 43 63 53 39 1 72 24 50 76 8 6 11 82 45 13 29 77 51 4 36 38 67 84 95 47 99 
96 74 48 89 52 15 93 21 65 3 25 64 69 87 17 78 83 71 37 23 98 35 73 16 14 31 46 27 92 90 22 61 59 97 44 10 58 20 9 62 91 7 88 30 55 79 41 0 5 18 96 
99 40 70 2 42 28 33 54 26 34 85 19 56 86 60 57 66 80 68 49 94 75 32 12 81 43 63 53 39 1 72 24 50 76 8 6 11 82 45 13 29 77 51 4 36 38 67 84 95 47 99 
96 74 48 89 52 15 93 21 65 3 25 64 69 87 17 78 83 71 37 23 98 35 73 16 14 31 46 27 92 90 22 61 59 97 44 10 58 20 9 62 91 7 88 30 55 79 41 0 5 18 96 
30 41 91 0 5 74 96 64 3 25 65 69 21 93 87 15 17 37 23 78 52 18 48 89 9 83 71 20 35 58 10 31 46 27 66 57 92 90 22 97 44 14 76 16 73 62 7 88 79 55 30 
12 75 36 77 38 67 49 43 68 24 50 56 19 61 98 59 85 26 34 11 82 54 6 8 86 60 80 63 53 39 1 72 84 29 95 47 13 45 33 28 42 2 70 40 99 51 4 32 94 81 12 
30 41 91 0 5 74 96 64 3 25 65 69 21 93 87 15 17 37 23 78 52 18 48 89 9 83 71 20 35 58 10 31 46 27 66 57 92 90 22 97 44 14 76 16 73 62 7 88 79 55 30 
12 75 36 77 38 67 49 43 68 24 50 56 19 61 98 59 85 26 34 11 82 54 6 8 86 60 80 63 53 39 1 72 84 29 95 47 13 45 33 28 42 2 70 40 99 51 4 32 94 81 12 
45 42 2 70 40 99 13 47 95 51 4 32 75 94 81 12 36 77 38 67 49 43 68 63 53 41 79 64 25 65 69 93 98 58 35 21 3 30 88 39 1 72 84 29 28 33 54 8 6 82 45 
61 76 22 90 92 57 66 27 0 62 91 7 96 55 74 48 18 89 78 52 15 87 17 37 23 9 20 73 71 83 5 46 31 14 16 10 44 97 59 85 19 86 60 80 24 50 56 11 26 34 61 
45 42 2 70 40 99 13 47 95 51 4 32 75 94 81 12 36 77 38 67 49 43 68 63 53 41 79 64 25 65 69 93 98 58 35 21 3 30 88 39 1 72 84 29 28 33 54 8 6 82 45 
61 76 22 90 92 57 66 27 0 62 91 7 96 55 74 48 18 89 78 52 15 87 17 37 23 9 20 73 71 83 5 46 31 14 16 10 44 97 59 85 19 86 60 80 24 50 56 11 26 34 61 
72 43 81 1 39 53 63 68 49 67 24 60 27 66 0 7 41 79 55 74 18 78 17 87 69 21 93 15 52 3 65 64 96 30 88 91 5 89 9 48 62 92 57 86 8 6 56 50 80 84 72 
95 77 36 12 94 75 32 4 51 38 29 47 99 70 40 2 42 28 33 54 26 34 85 61 76 22 90 46 31 14 16 58 20 71 35 98 23 25 37 83 73 10 44 97 59 19 11 82 45 13 95 
72 43 81 1 39 53 63 68 49 67 24 60 27 66 0 7 41 79 55 74 18 78 17 87 69 21 93 15 52 3 65 64 96 30 88 91 5 89 9 48 62 92 57 86 8 6 56 50 80 84 72 
95 77 36 12 94 75 32 4 51 38 29 47 99 70 40 2 42 28 33 54 26 34 85 61 76 22 90 46 31 14 16 58 20 71 35 98 23 25 37 83 73 10 44 97 59 19 11 82 45 13 95 
97 44 10 16 14 73 71 20 58 31 46 92 57 66 24 68 49 12 32 75 94 43 1 72 67 84 28 29 77 51 4 36 95 38 80 50 60 27 7 0 90 22 76 19 85 11 26 34 61 59 97 
87 78 23 83 89 18 3 65 25 64 96 79 88 39 86 6 82 45 42 13 47 99 40 70 2 33 54 56 8 63 81 53 41 30 55 74 5 91 62 48 9 35 98 37 17 52 15 93 21 69 87 
97 44 10 16 14 73 71 20 58 31 46 92 57 66 24 68 49 12 32 75 94 43 1 72 67 84 28 29 77 51 4 36 95 38 80 50 60 27 7 0 90 22 76 19 85 11 26 34 61 59 97 
87 78 23 83 89 18 3 65 25 64 96 79 88 39 86 6 82 45 42 13 47 99 40 70 2 33 54 56 8 63 81 53 41 30 55 74 5 91 62 48 9 35 98 37 17 52 15 93 21 69 87 
28 45 82 6 56 50 24 80 67 84 49 94 75 32 12 81 1 43 72 68 60 57 86 8 11 19 61 76 44 10 59 85 34 26 54 33 42 2 70 40 99 47 13 95 51 4 36 77 38 29 28 
88 79 55 74 5 0 27 66 39 53 63 92 90 22 97 14 16 31 46 62 89 9 71 73 58 20 83 17 23 37 98 35 78 48 18 52 15 93 21 69 87 3 65 25 64 96 30 41 91 7 88 
28 45 82 6 56 50 24 80 67 84 49 94 75 32 12 81 1 43 72 68 60 57 86 8 11 19 61 76 44 10 59 85 34 26 54 33 42 2 70 40 99 47 13 95 51 4 36 77 38 29 28 
88 79 55 74 5 0 27 66 39 53 63 92 90 22 97 14 16 31 46 62 89 9 71 73 58 20 83 17 23 37 98 35 78 48 18 52 15 93 21 69 87 3 65 25 64 96 30 41 91 7 88 
90 0 27 66 92 62 91 41 79 96 55 30 88 7 74 48 18 64 25 65 3 52 15 69 87 93 21 17 37 23 78 89 9 83 5 46 31 14 16 58 20 71 73 10 44 97 59 61 76 22 90 
60 80 68 49 81 12 75 94 43 63 53 39 1 72 67 38 77 36 32 4 51 99 13 45 2 33 54 82 28 42 70 40 47 95 84 29 24 57 98 35 50 56 11 26 34 85 19 8 86 6 60 
90 0 27 66 92 62 91 41 79 96 55 30 88 7 74 48 18 64 25 65 3 52 15 69 87 93 21 17 37 23 78 89 9 83 5 46 31 14 16 58 20 71 73 10 44 97 59 61 76 22 90 
60 80 68 49 81 12 75 94 43 63 53 39 1 72 67 38 77 36 32 4 51 99 13 45 2 33 54 82 28 42 70 40 47 95 84 29 24 57 98 35 50 56 11 26 34 85 19 8 86 6 60 
70 47 95 51 4 77 38 29 13 45 82 6 8 11 19 61 22 44 10 16 14 73 71 35 98 23 93 69 65 15 17 37 83 9 20 58 31 46 90 59 85 34 26 54 33 28 42 2 99 40 70 
12 81 49 67 84 72 1 39 68 24 50 56 97 76 86 60 27 66 0 7 41 79 55 74 52 21 87 78 18 3 25 64 96 30 88 91 5 48 89 62 92 57 80 63 53 43 94 75 32 36 12 
70 47 95 51 4 77 38 29 13 45 82 6 8 11 19 61 22 44 10 16 14 73 71 35 98 23 93 69 65 15 17 37 83 9 20 58 31 46 90 59 85 34 26 54 33 28 42 2 99 40 70 
12 81 49 67 84 72 1 39 68 24 50 56 97 76 86 60 27 66 0 7 41 79 55 74 52 21 87 78 18 3 25 64 96 30 88 91 5 48 89 62 92 57 80 63 53 43 94 75 32 36 12 
62 48 89 9 71 73 16 14 31 46 90 22 97 44 10 58 20 83 17 37 98 35 23 87 21 69 93 15 52 78 5 18 3 65 25 64 96 55 30 41 88 79 74 91 7 0 27 53 66 92 62 
33 82 6 56 50 24 67 49 81 43 63 39 1 72 38 29 47 77 4 51 36 12 94 75 32 95 84 80 68 60 57 86 8 11 19 59 61 85 34 26 76 54 45 42 2 70 40 99 13 28 33 
62 48 89 9 71 73 16 14 31 46 90 22 97 44 10 58 20 83 17 37 98 35 23 87 21 69 93 15 52 78 5 18 3 65 25 64 96 55 30 41 88 79 74 91 7 0 27 53 66 92 62 
33 82 6 56 50 24 67 49 81 43 63 39 1 72 38 29 47 77 4 51 36 12 94 75 32 95 84 80 68 60 57 86 8 11 19 59 61 85 34 26 76 54 45 42 2 70 40 99 13 28 33 
72 49 67 38 95 47 13 45 33 54 26 34 85 19 56 86 8 6 11 82 28 42 2 70 40 99 51 4 32 75 94 12 36 77 29 84 43 81 1 63 53 30 88 39 68 24 50 60 41 80 72 
71 83 89 52 15 93 21 65 3 25 64 69 87 17 37 35 98 23 78 48 62 46 0 92 76 61 22 97 44 31 90 59 57 66 27 91 7 74 55 79 96 18 5 9 20 58 10 14 16 73 71 
72 49 67 38 95 47 13 45 33 54 26 34 85 19 56 86 8 6 11 82 28 42 2 70 40 99 51 4 32 75 94 12 36 77 29 84 43 81 1 63 53 30 88 39 68 24 50 60 41 80 72 
71 83 89 52 15 93 21 65 3 25 64 69 87 17 37 35 98 23 78 48 62 46 0 92 76 61 22 97 44 31 90 59 57 66 27 91 7 74 55 79 96 18 5 9 20 58 10 14 16 73 71 
