5 22 48 0 62 9 89 74 7 91 18 15 87 78 52 83 73 20 71 31 90 46 57 27 92 66 41 55 96 65 64 3 23 17 93 21 69 97 44 14 16 58 98 10 35 37 25 88 30 79 5 
28 59 61 42 2 45 54 82 33 29 95 47 77 51 40 38 99 13 70 67 84 56 6 8 11 85 26 19 60 50 86 53 39 63 72 68 80 24 43 1 49 94 34 36 76 75 12 32 4 81 28 
5 70 33 48 0 62 9 89 74 7 91 55 96 42 18 73 83 20 71 31 90 46 57 27 13 82 92 54 61 44 22 97 76 11 56 6 8 19 86 50 45 34 26 85 2 28 47 51 77 95 5 
65 40 25 3 64 98 35 37 23 17 87 15 21 69 52 78 93 66 88 30 79 41 59 14 10 16 58 68 99 80 24 60 49 43 53 1 84 67 39 81 63 29 38 72 4 36 32 12 75 94 65 
49 65 1 43 67 72 39 63 68 86 50 57 60 24 80 53 92 27 66 22 19 56 8 34 11 90 76 6 54 82 0 3 96 55 41 7 91 79 30 88 52 69 18 83 9 17 78 21 15 87 49 
77 25 85 95 4 36 38 47 51 13 28 29 33 84 42 75 99 12 94 81 32 31 44 97 59 61 26 2 40 70 45 46 89 48 74 5 93 62 98 37 35 58 16 73 14 10 23 20 71 64 77 
49 1 43 67 72 39 63 68 24 80 84 95 29 38 32 12 75 94 81 53 86 50 57 60 56 85 6 11 8 54 45 33 82 2 40 28 13 70 99 47 51 36 4 77 26 42 19 59 61 76 49 
62 34 89 5 91 48 0 46 31 16 14 10 20 71 83 9 78 52 18 96 74 30 7 88 41 64 3 79 55 66 22 97 92 27 90 44 37 35 58 73 25 17 69 93 23 15 65 21 87 98 62 
28 42 2 45 54 82 33 94 29 95 47 77 51 40 38 99 13 70 49 72 67 84 12 75 36 32 4 81 58 35 73 83 9 37 16 90 14 10 23 31 20 71 15 78 87 52 18 93 17 98 28 
56 69 86 6 34 26 11 8 61 85 19 80 24 60 50 22 59 76 27 66 92 57 53 39 63 68 1 43 44 97 46 62 0 7 91 74 48 89 5 65 25 64 3 96 55 41 79 30 88 21 56 
28 16 61 42 2 45 54 82 33 29 95 47 77 51 40 38 99 13 70 67 84 56 6 8 11 85 26 19 60 50 86 53 39 63 72 68 80 24 43 1 49 94 34 36 76 75 12 32 4 81 28 
41 98 7 91 74 55 96 79 30 66 88 48 5 62 0 92 57 27 46 89 18 65 64 3 15 87 52 78 83 20 71 9 35 37 23 17 69 21 93 25 10 58 73 31 14 44 90 59 22 97 41 
65 44 25 3 64 87 15 21 69 52 18 74 55 79 96 89 78 37 23 83 17 93 5 91 62 48 71 58 9 35 98 73 20 46 0 88 41 7 30 31 14 10 16 90 97 36 32 12 75 94 65 
56 4 86 8 11 26 6 85 19 33 82 54 80 24 60 50 22 59 34 61 76 27 66 92 57 68 72 67 84 28 13 42 2 45 29 95 38 81 43 1 49 53 39 63 51 77 47 40 70 99 56 
65 4 57 92 25 3 64 87 15 21 69 52 18 74 55 79 96 91 93 78 27 7 88 41 0 30 66 24 60 86 50 80 68 49 43 53 1 84 67 39 81 63 29 38 72 36 32 12 75 94 65 
71 40 76 9 83 58 10 73 20 17 23 37 98 35 62 5 89 48 42 33 82 54 61 22 97 90 46 59 31 44 16 14 85 19 11 8 6 56 70 13 45 34 26 2 28 99 47 51 77 95 71 
77 64 3 96 55 79 30 41 53 95 4 36 38 47 51 13 29 72 67 84 43 49 81 75 12 94 32 68 80 2 40 70 99 63 45 28 39 54 82 33 42 56 86 8 11 6 50 24 88 1 77 
16 25 31 10 20 73 58 14 22 97 46 90 44 83 9 71 17 23 37 35 98 89 62 5 48 0 27 57 92 60 61 26 85 66 59 19 76 34 7 91 74 18 65 69 21 15 87 52 78 93 16 
77 66 53 39 63 95 4 36 38 47 51 13 29 72 67 84 43 49 81 75 12 94 32 0 2 68 40 1 70 99 91 88 41 7 48 5 27 74 96 55 79 30 18 87 52 69 65 25 64 3 77 
85 21 19 11 26 61 34 8 86 6 82 54 56 59 22 76 57 80 24 60 50 10 42 28 33 45 31 44 90 46 97 62 92 71 35 58 16 9 73 14 83 20 17 78 89 93 98 15 37 23 85 
62 89 5 91 48 0 46 31 16 14 10 20 71 83 9 78 52 18 96 74 30 7 88 41 64 3 79 55 57 92 97 27 66 22 90 44 37 35 58 73 25 17 69 93 23 15 65 21 87 98 62 
75 59 4 94 12 36 32 81 43 72 49 38 29 47 51 77 95 67 24 80 84 68 63 53 39 50 60 1 85 56 6 8 86 61 34 11 76 26 54 82 33 28 42 2 13 40 70 99 19 45 75 
62 89 5 91 48 0 46 31 16 14 10 20 71 83 9 78 52 18 96 74 30 7 88 41 64 3 79 55 57 92 27 66 22 97 90 44 37 35 58 73 25 17 69 93 23 15 65 21 87 98 62 
45 59 42 28 13 2 54 82 6 33 85 26 11 8 56 19 61 34 76 50 60 86 80 24 84 29 36 4 95 47 77 51 67 40 38 70 99 53 39 63 43 72 68 49 1 81 75 12 94 32 45 
56 86 6 11 8 26 85 19 33 82 54 80 24 60 57 50 34 59 27 92 61 76 72 84 67 68 53 39 63 43 49 29 38 13 70 2 42 45 28 99 47 36 4 51 77 95 40 94 81 32 56 
10 75 12 1 31 14 20 58 73 16 22 97 46 90 44 83 9 71 17 23 37 35 98 89 91 62 5 48 0 7 74 18 69 21 93 15 87 78 3 52 96 79 55 41 66 25 65 64 30 88 10 
56 86 6 11 8 26 85 19 33 82 54 80 24 60 50 22 59 34 61 76 27 66 92 57 68 72 67 84 28 13 42 2 45 29 95 38 81 43 1 49 53 39 63 32 51 77 47 40 70 99 56 
21 75 88 78 52 93 15 87 69 3 64 65 96 18 74 89 17 71 37 23 9 83 58 35 98 73 20 62 91 5 48 55 30 79 41 7 0 97 90 46 31 44 14 10 16 12 94 25 4 36 21 
41 70 47 7 91 74 55 96 79 30 66 88 48 5 62 0 60 57 92 27 69 52 18 89 65 63 39 53 68 25 86 50 64 3 80 24 72 49 43 1 38 84 67 4 36 32 12 75 94 81 41 
10 40 11 61 76 31 16 20 58 73 14 22 97 46 90 44 21 87 78 33 82 54 23 83 9 71 17 93 37 15 35 2 59 98 85 26 34 28 19 8 6 56 13 45 42 29 99 51 77 95 10 
41 7 91 74 55 96 79 30 66 88 48 5 62 0 92 57 27 59 44 90 46 31 97 22 76 60 80 24 68 49 43 53 1 84 67 39 81 63 38 72 4 13 2 33 47 45 77 95 94 75 41 
37 32 82 54 11 17 23 83 71 35 98 9 78 21 15 87 93 52 18 89 14 16 10 58 73 20 25 64 65 69 3 36 51 19 26 85 34 61 6 28 56 8 86 29 50 99 70 40 42 12 37 
56 86 8 11 26 6 85 19 33 82 54 80 24 60 50 22 59 34 61 76 27 66 92 57 68 72 67 84 28 13 42 2 45 29 95 38 81 43 1 49 53 39 63 4 51 77 47 40 70 99 56 
96 36 16 18 74 55 30 79 41 7 91 5 48 89 52 69 65 15 25 64 87 3 78 23 17 93 21 83 9 62 46 0 88 10 58 73 20 71 35 98 37 31 14 44 90 97 32 12 75 94 96 
56 86 8 82 54 6 80 24 60 57 50 72 84 67 68 53 39 63 43 49 36 51 95 29 38 1 0 92 91 27 7 66 69 48 21 89 5 62 9 23 37 35 71 15 78 87 52 93 17 98 56 
26 25 61 34 85 19 33 11 44 90 97 22 59 76 75 4 47 13 2 28 45 99 40 70 42 77 12 94 81 32 58 73 16 14 83 10 31 20 46 65 64 3 18 96 55 74 41 79 30 88 26 
71 9 83 17 23 37 98 35 89 5 48 0 27 92 22 61 76 59 97 57 66 88 41 25 7 30 79 80 24 11 6 8 50 68 53 39 63 72 49 67 84 94 81 1 43 32 36 51 77 95 71 
58 75 90 31 14 16 10 46 20 44 73 64 91 62 52 69 21 15 18 87 78 93 3 96 55 60 74 65 4 86 2 33 45 82 54 56 26 13 19 85 42 34 38 29 47 99 28 70 40 12 58 
71 9 83 58 10 73 20 98 37 35 31 14 16 46 91 62 48 5 92 0 82 19 85 61 76 22 59 97 90 34 44 6 56 86 28 45 42 26 84 43 49 51 77 95 29 38 13 70 2 99 71 
87 40 47 57 66 93 21 15 78 52 69 23 89 17 88 55 96 74 18 64 25 3 65 41 7 30 79 60 50 27 68 80 24 33 54 11 8 67 75 72 12 94 81 1 39 53 63 32 4 36 87 
16 71 20 73 31 10 58 14 83 1 9 17 23 37 35 98 89 74 5 91 48 52 87 78 18 96 55 30 41 88 7 66 25 65 79 64 3 69 21 93 15 32 36 47 13 99 70 40 42 12 16 
90 75 44 22 97 46 62 0 27 57 92 61 85 59 19 56 76 86 24 60 50 33 82 54 11 6 8 26 34 80 72 68 53 39 63 43 49 38 84 67 4 28 2 45 29 51 77 95 94 81 90 
16 70 31 10 20 73 58 14 22 97 46 90 44 62 48 71 35 5 0 27 57 92 61 33 82 54 6 85 59 19 76 11 26 8 56 13 2 45 42 34 29 28 77 95 84 38 49 99 47 51 16 
17 40 43 66 23 37 78 21 15 87 93 52 18 89 9 83 98 88 64 65 69 3 55 7 91 30 74 79 96 25 41 68 80 67 24 60 50 86 75 72 12 94 81 39 1 53 63 32 4 36 17 
85 19 11 26 61 34 82 54 56 97 22 59 76 13 2 28 45 33 40 70 42 47 29 4 77 99 69 93 16 14 10 31 44 90 62 46 71 73 58 20 83 89 9 17 23 37 98 35 87 21 85 
60 25 50 24 80 6 8 86 66 92 57 27 68 49 72 67 84 1 43 53 39 63 75 38 36 51 95 12 94 81 32 7 0 91 55 79 30 88 41 74 18 48 5 3 96 15 78 52 64 65 60 
85 19 11 26 61 34 8 86 6 82 54 56 59 22 76 80 24 60 50 13 2 28 33 45 40 70 42 29 84 72 67 68 57 27 49 16 14 10 92 31 44 90 51 77 95 47 97 36 4 38 85 
65 99 81 43 63 3 25 64 87 15 21 69 52 18 74 55 79 96 89 78 37 23 83 17 93 5 91 62 48 71 58 9 35 98 73 20 46 0 12 94 1 39 66 88 53 41 7 30 32 75 65 
75 66 4 94 12 36 32 81 43 72 49 38 29 47 51 77 95 67 68 84 63 53 39 1 42 28 2 13 40 70 99 45 3 96 55 41 79 30 88 52 18 7 25 65 64 21 87 78 17 15 75 
34 69 11 26 85 19 76 59 61 8 6 56 33 82 54 80 24 60 57 50 86 31 90 97 22 16 14 10 46 44 0 27 92 48 5 62 74 91 89 93 9 98 37 35 71 58 73 23 20 83 34 
75 4 94 12 36 32 81 43 72 49 29 13 47 38 51 99 77 28 95 53 1 40 82 33 42 70 2 54 45 0 3 96 7 55 79 30 88 18 41 25 65 64 52 21 78 83 98 23 35 15 75 
57 69 87 66 27 92 50 80 24 86 60 39 63 68 84 31 44 6 8 67 56 19 61 76 90 97 22 59 34 85 26 11 46 48 5 62 74 91 9 93 89 37 58 71 73 20 16 10 14 17 57 
42 65 95 47 99 29 70 51 13 2 77 40 38 67 84 80 60 22 61 44 59 34 96 41 53 88 39 63 43 1 49 94 36 75 12 32 4 81 7 74 91 55 30 79 18 15 78 52 64 3 42 
33 25 54 82 28 45 56 8 6 11 85 26 19 50 86 72 68 24 57 76 31 90 97 27 0 66 92 46 93 58 16 9 73 14 10 20 71 62 89 48 5 69 83 17 23 37 98 35 87 21 33 
45 42 28 13 2 54 82 6 33 85 26 11 8 56 19 61 34 50 57 60 86 80 24 69 93 16 14 10 31 90 44 97 46 22 59 76 48 62 98 35 71 58 73 23 83 9 37 20 21 15 45 
95 25 92 53 51 77 29 38 36 4 84 40 70 27 66 99 67 49 47 43 41 88 81 94 75 7 12 32 72 39 63 68 1 5 0 74 91 55 96 79 30 18 87 52 89 17 78 65 64 3 95 
10 33 54 61 59 31 14 20 58 73 16 19 22 97 46 90 44 65 69 21 78 83 9 71 25 17 23 37 35 98 85 87 34 76 15 52 89 93 3 64 47 13 99 70 2 45 40 42 77 95 10 
88 51 41 30 55 79 91 7 18 96 74 5 62 48 0 57 92 27 66 63 39 53 68 50 60 24 80 72 49 43 1 84 67 82 6 11 8 86 56 26 28 29 38 4 36 32 12 75 94 81 88 
73 71 20 58 46 14 64 83 9 16 25 78 17 23 37 35 98 52 18 74 89 65 69 21 15 3 87 93 96 88 30 79 55 80 67 24 1 53 63 32 84 36 77 29 45 99 70 42 95 12 73 
44 75 97 90 31 10 61 76 59 22 57 27 92 0 91 48 5 62 41 7 66 60 50 56 33 82 54 86 19 6 11 26 85 34 8 72 49 68 43 39 38 4 28 51 47 13 2 40 94 81 44 
21 78 52 93 15 87 69 3 64 65 96 18 74 89 17 71 37 23 9 83 58 35 98 73 20 62 91 5 48 55 30 79 41 7 0 46 22 97 90 31 44 14 10 16 76 27 92 66 88 25 21 
12 59 4 36 94 32 75 43 49 81 29 51 77 95 72 67 84 38 47 70 99 13 2 28 45 54 82 6 33 8 86 24 80 68 53 39 60 63 1 50 61 34 85 19 56 26 11 42 40 57 12 
21 94 1 88 78 52 93 15 87 69 3 64 65 96 18 74 89 17 71 37 23 9 83 58 35 98 73 20 62 91 5 48 55 30 79 41 7 0 92 46 97 90 31 44 14 10 16 25 75 53 21 
54 32 33 82 11 85 26 19 50 86 56 6 8 61 59 34 13 42 45 2 28 29 84 67 24 68 60 80 43 49 72 36 4 51 77 95 38 47 40 70 99 12 81 39 63 66 27 22 76 57 54 
10 25 65 31 16 20 58 73 14 22 97 46 90 44 83 9 71 17 23 37 35 98 89 62 5 48 0 66 27 57 92 7 91 74 18 69 21 93 15 87 78 64 3 52 96 79 55 41 30 88 10 
26 75 19 34 85 6 8 11 33 82 50 86 56 54 76 59 24 60 61 13 2 28 45 99 40 70 42 29 84 72 67 80 63 68 43 49 36 4 51 77 95 12 38 47 94 81 53 39 1 32 26 
10 31 16 20 58 73 22 97 46 90 61 76 59 14 57 62 44 27 92 0 88 41 7 79 55 91 96 32 82 56 86 50 26 2 45 19 85 13 42 34 29 28 95 84 38 49 51 40 99 47 10 
23 75 66 35 37 78 17 9 71 83 30 98 15 87 93 21 52 89 5 48 74 18 25 64 65 60 69 3 68 80 24 33 54 11 6 8 67 72 94 81 1 39 53 63 43 36 4 77 70 12 23 
37 61 17 23 83 71 35 98 9 78 21 15 87 93 52 89 62 5 48 74 18 64 65 69 3 55 96 91 0 46 22 31 10 14 16 58 73 20 59 90 97 44 27 88 92 7 25 41 30 79 37 
77 34 95 36 4 38 47 51 13 29 72 67 84 43 49 81 75 12 94 32 2 40 70 99 45 28 54 82 33 42 56 86 8 19 11 6 50 24 66 80 68 53 39 60 63 1 76 57 85 26 77 
78 17 83 23 15 21 87 52 74 18 91 62 5 48 30 79 25 64 92 65 69 93 57 66 3 61 76 50 80 24 86 60 81 1 68 53 39 63 43 72 49 4 13 2 28 47 77 95 94 75 78 
98 32 37 35 58 73 20 89 9 71 31 14 16 10 90 46 0 7 55 96 41 88 27 36 51 33 82 54 11 59 22 97 44 85 26 34 19 8 6 56 84 29 38 67 42 40 70 45 99 12 98 
96 18 74 55 30 79 41 7 91 5 48 89 52 69 65 15 25 64 87 3 78 23 17 93 21 83 9 62 0 92 57 27 88 66 16 46 10 58 73 20 71 35 98 37 31 14 44 90 22 97 96 
95 53 51 77 38 29 36 4 99 47 13 42 2 33 28 45 40 70 67 43 72 84 49 1 81 75 12 94 32 68 86 50 60 8 24 80 59 61 34 85 76 6 39 63 54 11 82 19 56 26 95 
96 70 42 44 18 74 55 30 79 41 7 91 5 48 89 52 69 65 15 25 64 87 3 78 23 17 93 21 83 9 62 46 0 97 92 27 88 66 90 31 14 10 16 58 73 20 71 35 98 37 96 
53 40 49 39 63 43 1 72 68 60 24 80 84 51 77 38 67 4 36 95 32 12 75 94 81 29 28 33 54 82 8 86 56 50 57 19 85 26 11 6 61 76 22 59 34 45 2 13 99 47 53 
26 64 85 19 11 34 76 59 61 50 86 8 6 56 82 54 60 80 24 57 27 92 90 16 14 10 31 44 97 0 46 22 66 91 7 48 5 62 71 58 20 83 89 18 3 96 52 69 15 87 26 
99 25 53 28 2 13 40 47 70 33 45 42 29 55 79 30 41 88 74 36 51 4 77 67 84 49 95 32 12 38 43 72 39 63 68 1 75 94 81 9 65 21 37 35 73 78 93 17 23 98 99 
26 85 19 11 34 76 59 61 8 6 56 33 82 54 80 24 60 50 86 13 2 28 45 99 40 70 42 29 84 72 67 68 57 93 4 98 37 35 58 16 14 10 20 31 44 97 22 73 51 47 26 
30 36 79 41 88 55 74 96 91 62 0 7 89 48 5 18 87 65 25 64 52 3 15 21 69 78 23 17 83 71 9 46 90 27 49 43 63 66 92 94 81 1 38 39 32 75 12 53 77 95 30 
58 64 71 20 14 16 10 73 83 37 35 9 62 5 48 89 78 23 17 98 31 22 97 46 90 76 59 44 0 7 91 74 18 65 69 21 15 3 87 52 93 96 79 55 41 30 88 92 57 27 58 
45 25 66 28 13 42 2 54 82 6 33 85 26 11 8 56 19 61 34 50 60 86 80 24 63 84 29 36 4 95 47 77 51 67 40 38 70 99 53 39 43 72 68 49 1 81 75 12 94 32 45 
58 70 42 71 20 14 16 10 73 83 37 35 9 62 5 48 89 78 23 17 98 31 22 97 46 90 76 59 44 25 64 0 7 91 74 18 65 69 21 15 3 87 52 93 96 79 55 41 30 88 58 
72 40 43 49 84 67 68 1 53 60 24 80 39 63 94 81 51 77 95 38 29 28 33 54 82 8 86 56 50 92 27 57 66 61 45 85 34 19 6 26 11 2 13 99 47 36 75 32 4 12 72 
87 30 79 93 21 15 78 52 69 37 23 83 17 89 18 96 74 64 25 3 65 5 7 48 9 58 71 35 98 73 20 36 1 63 39 62 91 53 55 43 72 77 95 29 38 32 12 75 94 81 87 
97 40 31 22 44 14 10 90 46 27 57 92 61 85 59 19 56 76 86 24 60 50 82 54 11 6 8 26 34 16 88 41 68 66 0 49 80 84 67 13 2 42 28 33 70 45 99 47 4 51 97 
87 93 21 15 78 52 69 37 23 83 17 89 18 96 74 64 25 3 65 5 48 9 58 71 35 98 73 20 62 0 91 7 88 55 30 79 41 39 46 22 97 90 31 44 14 10 16 66 27 92 87 
28 53 13 42 33 45 70 2 54 82 56 8 6 11 85 26 19 50 86 80 24 84 38 36 4 95 29 47 77 51 67 40 34 99 63 43 72 68 49 1 81 75 12 94 32 60 57 59 76 61 28 
90 61 76 44 59 22 27 92 97 5 62 0 91 74 48 89 52 78 18 96 7 88 41 66 32 36 60 50 86 24 57 33 54 56 19 2 85 34 28 84 49 72 95 29 38 67 99 13 70 40 90 
10 75 71 16 14 20 46 31 69 21 87 23 58 73 25 83 65 9 17 93 37 15 35 98 3 64 55 30 79 80 82 11 6 8 45 42 26 68 94 81 1 53 39 63 43 4 51 77 47 12 10 
90 31 44 22 97 16 14 10 46 62 0 27 57 92 61 85 59 19 56 76 86 80 24 60 50 66 91 48 89 5 17 35 71 58 73 23 83 9 37 98 20 52 78 18 96 74 21 93 15 87 90 
70 69 3 55 88 53 39 63 2 13 47 99 28 45 42 40 77 95 29 51 36 4 67 84 38 54 34 82 6 33 26 11 8 65 25 64 79 72 1 43 49 81 75 12 94 32 68 41 7 30 70 
17 23 37 78 21 15 87 93 52 14 16 10 58 71 9 83 35 98 73 20 66 25 64 65 32 61 59 76 69 68 80 40 70 13 33 42 82 54 11 6 8 45 26 85 34 2 28 99 47 12 17 
62 75 89 48 91 0 5 96 18 74 30 7 88 41 3 79 55 46 22 97 90 44 31 86 50 57 24 60 56 27 19 92 53 39 63 72 49 67 84 1 81 43 36 4 51 77 95 29 38 94 62 
17 90 23 37 78 21 15 87 93 52 18 89 9 58 71 83 35 98 73 20 62 5 48 74 55 96 64 25 3 65 7 91 0 46 69 88 30 79 41 32 40 13 70 42 31 44 10 14 16 99 17 
72 75 49 1 43 84 67 24 80 68 53 39 60 63 94 81 51 77 95 38 29 2 45 28 33 54 82 8 86 56 50 92 27 57 66 59 61 19 34 85 6 26 11 97 47 22 76 36 4 12 72 
60 68 24 80 66 57 92 27 97 31 44 22 46 59 76 85 61 90 0 7 91 48 89 5 62 96 41 55 79 30 88 1 74 75 12 53 39 63 43 83 9 71 78 52 69 18 65 25 64 3 60 
56 93 11 6 8 19 50 33 82 34 26 28 86 54 13 42 2 45 29 84 49 72 67 36 4 51 77 95 38 47 40 70 99 94 81 32 17 37 35 58 73 16 14 10 23 20 98 87 21 15 56 
60 50 24 80 11 6 8 19 86 56 57 66 92 27 1 53 39 63 68 85 59 61 76 31 44 90 46 97 22 26 48 5 62 0 18 74 64 3 91 52 55 65 69 78 83 37 98 58 87 21 60 
95 25 54 82 36 4 29 51 77 38 43 72 34 67 84 49 81 75 12 94 32 99 10 47 13 42 2 33 28 45 40 70 96 79 88 41 7 30 89 93 17 9 35 71 73 20 16 14 23 15 95 
65 70 47 92 3 25 64 18 69 93 74 55 79 96 91 5 62 48 57 7 27 88 41 0 30 66 24 60 86 50 80 68 49 43 53 1 84 67 39 81 63 29 38 72 4 36 32 12 75 94 65 
87 40 13 2 33 82 54 61 76 22 15 52 23 17 78 89 21 73 83 35 37 20 71 9 31 14 16 98 58 10 19 90 97 46 6 34 59 28 44 11 85 8 56 45 42 26 99 51 77 95 87 
65 70 2 45 44 3 25 64 87 15 21 69 52 18 74 55 79 96 89 78 37 23 83 17 93 5 91 62 48 71 58 9 35 98 73 20 46 0 88 41 7 30 42 31 14 10 16 90 22 97 65 
63 40 49 53 39 72 68 43 1 84 67 50 60 24 80 57 92 27 66 56 86 6 11 8 54 33 82 59 61 34 26 76 19 85 28 99 29 47 51 13 77 38 4 36 95 32 12 75 94 81 63 
34 76 11 26 85 19 22 59 61 80 24 60 57 50 31 10 44 90 46 97 0 27 66 92 1 68 72 43 39 7 91 69 48 93 5 62 35 71 20 16 58 73 9 14 17 98 87 21 15 52 34 
33 25 56 8 54 82 86 6 13 42 2 45 29 28 67 84 36 4 51 77 95 38 47 40 70 99 55 79 30 41 88 94 74 81 49 63 53 75 12 32 89 78 83 23 37 18 65 64 3 96 33 
34 32 11 26 85 19 76 59 61 8 6 56 33 82 54 80 24 60 57 50 86 31 90 97 22 16 14 10 46 44 66 68 27 92 67 84 28 13 99 70 2 45 40 42 29 51 77 95 38 47 34 
74 75 81 49 63 55 96 18 62 5 48 89 7 91 0 88 41 30 64 58 3 79 17 15 87 78 52 93 21 69 25 65 83 71 9 35 98 37 73 20 12 94 43 39 23 1 53 4 36 72 74 
57 66 27 92 68 80 24 50 76 60 67 72 39 53 63 43 49 29 38 84 81 1 0 62 46 91 88 41 7 74 18 48 89 5 94 69 65 25 64 3 96 55 30 79 32 36 4 51 95 12 57 
8 75 13 19 86 56 6 11 82 33 54 59 61 34 85 2 28 45 42 26 93 37 35 58 73 9 16 14 23 83 10 31 44 90 20 97 17 78 22 98 71 77 21 15 87 52 40 70 99 47 8 
66 0 27 92 91 74 55 79 88 41 7 96 30 48 5 62 31 46 44 22 97 90 59 82 34 85 2 75 28 4 77 95 12 38 94 81 14 29 9 89 69 52 18 65 25 64 3 21 15 87 66 
50 98 57 24 60 86 11 6 8 19 56 80 49 72 68 84 67 1 43 53 39 63 58 16 83 10 33 54 61 76 13 42 45 26 32 99 47 36 51 35 73 23 40 70 37 20 71 17 93 78 50 
2 39 63 42 28 45 47 40 70 99 13 54 82 33 11 85 26 19 86 56 6 8 29 51 77 95 38 67 72 84 60 24 80 50 57 76 61 59 34 68 43 1 49 94 36 75 12 32 4 81 2 
20 53 71 58 14 16 10 73 83 9 17 23 37 98 35 89 62 5 48 46 22 97 90 44 31 0 7 91 74 18 69 21 15 87 52 78 65 93 3 96 79 55 41 66 30 88 92 27 25 64 20 
2 65 96 41 53 39 63 42 28 45 47 40 70 99 13 54 82 79 30 33 88 38 51 77 95 29 67 72 84 68 80 43 49 26 64 3 55 1 74 94 75 12 36 32 4 81 21 98 93 37 2 
76 25 59 85 61 19 8 86 6 11 56 24 60 50 57 27 92 90 16 14 10 31 44 97 0 46 22 34 66 91 7 48 15 5 62 69 71 58 73 83 9 35 20 78 89 52 18 17 23 87 76 
95 51 77 29 38 36 4 99 47 13 42 2 33 28 45 40 70 1 43 85 26 81 94 34 75 12 32 16 14 10 31 90 22 89 5 62 96 55 79 30 88 18 87 78 52 69 65 25 64 3 95 
80 93 50 60 24 49 72 68 84 67 6 11 8 19 86 82 54 56 57 92 27 66 53 39 63 44 97 46 59 61 76 0 41 7 74 91 48 9 37 35 71 58 73 17 23 98 20 83 21 15 80 
95 55 41 53 39 63 51 77 29 38 36 4 99 47 13 42 2 33 28 45 40 70 67 43 72 84 49 1 81 75 12 94 32 68 80 34 26 21 96 79 18 54 3 30 82 88 69 25 65 64 95 
76 93 61 59 31 44 90 97 22 85 19 8 86 6 11 56 24 60 50 57 66 27 92 46 71 58 16 73 14 10 20 62 0 7 91 48 9 89 74 5 78 83 17 23 37 98 35 15 87 52 76 
88 70 96 41 30 55 79 92 27 0 7 57 66 63 39 53 68 50 60 24 80 72 49 43 1 84 67 33 45 6 54 8 19 86 56 76 85 59 22 97 90 11 77 95 38 29 75 12 81 94 88 
48 40 82 26 61 44 89 62 91 5 52 18 74 83 71 9 37 17 78 69 93 21 15 23 87 25 65 3 64 13 42 34 46 31 14 10 16 58 73 20 98 35 2 28 99 47 51 32 36 4 48 
88 41 30 55 79 91 7 18 96 74 5 62 48 0 92 57 27 46 66 8 56 86 50 76 97 90 31 16 14 10 20 71 9 89 52 69 65 15 25 64 3 87 78 35 37 23 93 17 83 21 88 
53 98 58 73 49 63 39 43 1 72 68 60 24 80 84 51 77 38 67 4 36 95 32 12 75 94 81 29 28 33 26 11 54 82 34 6 85 44 22 42 45 19 59 61 2 13 40 70 99 47 53 
14 70 16 31 10 71 20 73 58 22 97 46 90 61 76 59 44 60 66 50 11 35 83 9 27 92 0 62 98 37 57 86 2 82 45 56 19 13 26 42 85 29 28 34 51 77 95 38 47 99 14 
3 40 88 25 64 65 18 74 55 96 78 17 52 93 21 15 87 69 7 91 5 48 23 89 68 63 39 79 53 30 72 80 41 24 33 6 54 8 4 84 36 43 49 67 32 12 75 94 81 1 3 
14 70 16 31 10 71 20 73 58 22 97 46 90 61 76 59 44 60 66 50 11 35 83 9 27 92 0 62 98 37 57 86 2 82 45 56 19 13 26 42 85 29 28 34 51 77 95 38 47 99 14 
3 40 88 25 65 64 18 74 55 96 78 17 52 93 21 15 87 69 7 91 5 48 23 89 68 63 39 79 53 30 72 80 41 24 33 6 54 8 4 84 36 43 49 67 32 12 75 94 81 1 3 
12 4 36 94 32 75 43 49 81 29 51 77 95 72 67 84 38 47 70 99 13 2 28 45 54 11 82 56 6 33 8 86 24 80 68 53 39 10 63 1 37 35 16 23 40 42 69 65 25 64 12 
92 98 57 66 0 27 97 90 46 5 62 91 88 41 7 48 9 89 74 96 30 79 55 18 78 52 83 58 73 20 71 14 31 44 34 85 61 59 19 22 76 26 50 3 60 21 15 87 93 17 92 
12 61 26 47 29 4 36 95 94 32 75 22 38 81 34 13 90 99 51 28 77 2 40 70 45 54 82 33 42 0 3 96 7 55 79 30 88 18 41 25 65 64 52 21 78 83 98 23 35 15 12 
72 69 87 49 67 84 43 39 63 1 68 86 50 57 60 24 80 53 92 27 66 31 97 44 59 19 85 56 8 11 6 76 46 48 5 62 74 91 9 93 89 37 58 71 73 20 16 10 14 17 72 
54 65 10 33 82 11 85 26 19 50 86 16 14 56 31 34 6 8 40 13 70 42 2 99 28 47 45 44 97 46 22 76 59 61 90 48 5 62 37 35 71 58 73 9 20 98 15 52 64 3 54 
49 25 27 66 68 72 1 43 84 67 60 24 80 53 39 92 63 75 57 12 94 81 32 36 4 0 51 41 88 77 91 7 55 79 30 95 38 29 18 96 74 89 69 21 87 78 93 17 83 23 49 
54 33 82 11 85 26 19 50 86 56 6 8 61 59 34 13 42 45 2 28 29 84 67 24 68 60 80 43 49 72 36 4 51 77 95 38 47 40 70 99 94 1 27 22 53 39 63 32 76 57 54 
15 75 12 81 88 78 52 93 87 69 21 37 23 83 17 89 18 55 96 74 64 25 3 5 48 65 9 58 71 35 98 73 20 62 91 41 7 0 66 92 46 44 31 14 10 16 90 97 30 79 15 
26 93 19 34 85 86 56 6 8 11 33 82 54 76 59 61 80 24 60 57 50 31 44 90 46 97 22 0 27 66 92 78 35 71 16 58 73 83 9 17 37 14 10 23 20 98 87 21 15 52 26 
99 25 53 29 28 2 13 70 47 40 45 42 36 88 95 4 77 51 67 84 49 41 38 43 81 94 75 7 32 12 72 39 63 68 1 91 74 48 89 5 62 65 64 3 96 55 30 79 18 69 99 
26 19 34 85 6 8 11 33 82 86 56 54 76 59 61 80 24 60 57 50 72 84 67 28 36 4 13 99 70 2 45 40 42 29 51 77 95 12 49 38 47 94 81 68 53 39 63 1 43 32 26 
73 75 79 58 71 20 90 31 44 14 16 10 46 9 83 78 17 23 37 35 98 62 5 48 89 52 69 21 15 18 87 93 74 7 91 0 66 27 92 22 97 55 96 25 65 64 3 41 30 88 73 
23 70 13 35 37 78 17 9 71 83 98 15 87 93 21 52 89 62 5 48 74 18 64 65 69 3 55 96 91 0 46 22 31 10 14 16 58 73 20 90 97 44 27 25 30 92 7 41 79 42 23 
43 40 72 49 68 53 39 63 1 94 81 84 67 86 50 57 60 24 80 29 47 51 77 95 38 4 36 32 12 75 28 2 45 33 54 85 82 19 56 26 6 11 8 59 61 76 66 88 34 99 43 
23 99 25 35 37 78 17 9 83 98 15 87 93 21 52 74 89 48 18 64 65 69 3 55 88 96 41 7 30 79 80 24 60 50 86 68 75 81 53 39 63 72 49 67 12 94 1 32 4 36 23 
58 40 31 14 71 73 90 16 10 46 20 22 97 44 62 91 5 0 66 27 57 92 33 82 61 54 6 85 59 19 76 11 26 8 56 2 45 42 34 28 29 77 95 84 38 43 51 47 13 70 58 
77 59 95 36 4 38 47 51 13 29 72 67 84 43 49 81 75 12 94 32 2 40 70 99 45 28 54 82 33 42 56 86 8 19 11 6 60 50 24 80 68 53 39 63 1 61 34 85 26 76 77 
96 98 74 18 64 3 55 30 79 41 7 91 5 48 89 78 93 21 87 52 69 65 15 25 62 0 92 57 27 88 66 46 9 83 35 37 23 17 58 10 73 20 71 31 44 90 22 97 16 14 96 
77 65 31 97 22 59 85 11 47 95 36 4 13 51 29 67 84 44 61 34 26 90 76 54 82 33 28 42 2 45 40 70 99 6 46 89 48 5 62 69 93 98 37 35 58 16 73 14 10 23 77 
12 25 80 72 81 94 38 75 24 68 63 43 49 32 53 39 50 60 1 19 56 8 86 92 57 27 66 41 79 30 88 91 0 7 3 74 96 55 52 21 18 83 9 71 20 17 15 87 78 64 12 
17 47 1 53 37 23 78 21 15 87 93 52 18 89 9 58 71 83 35 98 73 20 62 5 48 74 55 96 64 25 3 65 7 91 0 46 69 88 30 79 41 39 27 16 10 32 12 75 94 81 17 
61 99 76 59 6 11 26 8 56 82 54 34 86 19 85 31 44 90 97 22 60 80 24 57 50 13 2 28 33 45 40 70 42 29 84 43 72 67 68 63 66 95 38 92 14 51 36 4 77 49 61 
17 22 97 37 23 78 21 15 87 93 52 18 89 9 58 71 83 35 98 73 20 62 5 48 74 55 96 64 25 3 65 7 91 0 46 69 57 88 30 79 41 92 27 66 90 31 44 14 10 16 17 
95 59 36 4 29 77 51 38 72 67 84 43 49 81 75 12 94 32 54 82 99 47 13 42 2 33 28 45 40 70 56 86 6 11 8 60 50 24 80 68 53 39 63 85 19 1 61 34 26 76 95 
95 51 77 38 29 36 4 99 47 13 42 2 33 28 45 40 70 67 43 72 84 49 1 81 75 12 94 32 68 86 50 60 24 80 59 61 34 85 76 6 8 54 11 82 19 56 26 53 39 63 95 
87 44 15 78 52 69 17 93 21 18 48 89 83 71 9 35 98 37 23 3 55 96 25 64 74 5 65 91 0 46 62 57 88 41 7 30 79 92 27 66 31 10 14 16 58 73 20 90 22 97 87 
95 35 44 22 59 61 51 77 38 29 36 4 99 47 13 42 2 33 28 45 40 70 67 43 72 84 49 1 81 75 12 94 32 68 98 37 86 50 60 85 8 24 80 6 34 11 26 54 19 82 95 
88 93 41 55 79 91 7 74 96 30 92 27 66 0 89 48 5 62 18 87 65 25 64 52 3 15 21 69 78 83 71 58 9 46 57 56 63 76 39 53 97 90 31 16 73 14 10 23 20 17 88 
53 49 39 63 43 1 67 72 68 92 98 37 27 57 66 41 79 30 88 91 0 7 74 96 55 48 89 62 5 18 65 64 3 52 78 83 35 58 73 20 71 9 23 17 93 69 21 15 87 25 53 
60 40 50 80 24 11 6 8 19 86 56 61 59 76 34 33 82 54 26 85 16 14 10 31 44 90 46 97 22 70 84 77 95 29 38 13 2 42 45 28 99 47 51 32 36 4 12 75 81 94 60 
53 37 49 39 63 43 1 72 68 60 86 24 80 84 67 50 92 27 57 66 41 79 30 88 91 0 7 74 96 55 48 89 62 5 83 46 16 10 97 44 90 71 9 18 93 69 65 25 64 3 53 
12 98 14 31 22 59 47 36 32 75 81 94 58 73 29 13 51 77 38 95 61 99 4 2 45 28 54 34 85 76 82 56 6 35 11 33 19 8 26 42 40 70 20 23 78 21 15 87 52 17 12 
99 29 28 2 13 40 47 70 45 42 36 53 95 4 77 51 49 84 81 38 94 75 32 12 97 44 59 92 66 71 46 58 16 9 73 14 83 10 20 61 69 65 25 55 64 79 30 21 93 15 99 
33 98 82 11 54 56 8 6 34 85 19 26 60 50 86 80 24 72 67 68 39 63 1 43 57 76 31 90 22 27 0 5 62 91 88 41 7 74 18 48 78 89 96 3 87 52 17 35 37 23 33 
99 53 39 63 28 2 13 40 47 70 33 45 42 29 36 51 4 77 67 84 95 38 54 60 11 8 6 82 85 26 19 50 86 56 76 61 59 34 80 24 72 1 43 49 81 75 12 94 32 68 99 
71 25 83 9 58 10 73 20 17 23 37 98 35 89 62 5 48 46 22 97 90 31 44 16 14 0 91 74 18 69 21 15 87 52 78 65 93 3 96 55 41 7 66 27 57 92 79 64 30 88 71 
30 70 42 44 79 41 88 55 74 96 91 62 0 7 89 48 5 18 87 65 25 64 52 3 15 21 69 78 23 17 83 71 9 46 90 22 27 97 92 31 16 58 73 14 10 20 93 98 37 35 30 
72 40 49 84 67 43 39 63 1 68 86 50 60 24 80 53 94 81 51 77 95 38 29 28 33 54 82 19 56 6 11 8 59 76 57 66 34 85 61 26 45 2 13 99 47 36 75 32 4 12 72 
30 49 63 79 41 88 55 58 74 96 91 62 0 7 89 48 5 18 87 65 25 64 52 3 15 21 69 78 23 17 83 73 20 71 39 9 35 98 37 36 93 12 94 81 43 1 72 53 32 75 30 
34 4 19 85 11 26 76 59 61 8 6 56 33 82 54 80 24 60 57 50 86 31 90 97 22 16 14 10 46 44 68 66 27 92 67 84 28 13 99 70 2 45 40 42 29 51 77 95 38 47 34 
45 28 13 42 2 54 34 82 6 33 59 85 26 11 19 94 75 12 36 4 29 95 47 77 51 40 38 70 32 99 71 58 73 83 9 14 31 20 89 52 18 74 48 93 23 17 78 37 98 35 45 
60 21 86 50 80 68 24 66 57 92 27 76 61 8 72 84 56 81 43 49 67 1 53 39 63 0 46 16 10 90 44 97 22 5 62 65 64 3 96 91 25 55 79 15 87 88 69 41 7 30 60 
45 28 13 42 2 54 82 6 33 85 26 11 8 56 19 61 34 76 50 60 86 80 24 84 29 36 4 95 47 77 51 67 40 38 70 99 57 53 39 63 43 72 68 49 1 81 75 12 94 32 45 
21 59 78 52 93 87 15 65 69 37 23 83 17 89 18 64 3 55 74 96 5 48 9 58 71 35 98 73 20 62 91 41 7 0 46 22 97 90 31 44 14 10 16 27 92 66 30 25 88 79 21 
72 35 43 49 84 67 68 1 53 60 24 80 39 63 94 81 51 77 95 38 29 28 33 11 54 82 6 61 8 19 86 56 76 50 34 85 40 26 45 2 13 70 99 47 36 75 32 4 12 42 72 
30 98 79 88 7 41 74 96 55 48 5 91 62 0 92 57 27 46 66 18 65 25 64 52 3 89 83 9 37 23 17 78 93 21 15 87 69 71 16 10 58 73 20 31 14 44 90 59 22 97 30 
72 43 49 84 67 68 1 53 60 24 80 39 63 94 81 51 77 95 38 29 28 42 33 54 82 8 59 61 86 56 50 57 19 34 85 6 26 11 44 76 99 13 2 45 47 36 75 32 4 12 72 
5 40 98 62 89 48 91 7 0 96 18 74 30 79 55 41 92 27 66 88 46 71 9 83 78 15 87 52 17 35 37 23 58 16 10 73 20 31 14 90 22 97 65 64 3 70 93 21 25 69 5 
31 94 14 10 44 46 97 71 35 58 73 9 16 20 83 5 62 0 66 27 57 92 25 91 48 89 78 37 23 17 98 52 18 65 64 3 96 74 7 55 30 88 41 79 69 21 93 15 87 32 31 
59 75 90 22 85 19 61 34 76 8 6 56 82 54 26 11 80 24 60 50 33 86 72 84 67 68 53 39 63 43 49 36 4 51 29 38 13 40 70 2 42 45 28 99 47 77 95 12 81 1 59 
97 32 36 31 22 44 14 10 90 46 27 57 92 61 85 59 19 56 76 86 24 60 50 82 54 11 6 8 26 34 98 68 80 37 35 33 58 84 67 73 40 70 13 2 28 45 42 16 99 47 97 
41 75 49 43 63 91 7 74 96 55 79 30 62 0 66 88 89 48 5 18 65 64 3 15 87 52 78 83 20 71 9 23 17 69 21 93 81 1 39 53 29 38 25 94 72 4 51 77 95 12 41 
28 13 42 33 45 70 2 85 54 82 19 56 26 8 11 6 1 75 36 4 95 38 29 12 32 47 77 51 40 99 41 88 94 81 73 16 14 83 10 31 18 65 25 64 3 96 30 79 55 21 28 
57 69 66 92 27 50 80 24 86 60 68 53 39 63 43 72 49 67 84 61 76 44 90 97 22 59 34 46 0 7 91 48 89 5 74 62 9 37 35 71 58 20 78 15 87 52 93 17 23 98 57 
28 39 13 42 33 45 70 2 54 82 56 8 6 11 85 26 19 50 86 80 24 84 38 36 4 95 29 47 77 51 67 40 34 99 63 43 72 68 49 1 81 75 12 94 32 60 57 59 76 61 28 
15 53 66 17 78 52 87 69 93 21 3 64 65 96 18 48 74 89 83 71 9 35 98 37 23 62 0 91 5 88 55 30 79 41 7 25 22 97 10 58 73 20 31 90 46 44 14 16 27 92 15 
90 65 46 31 22 97 16 14 10 44 85 19 61 34 76 59 57 27 92 0 48 5 62 71 58 73 83 9 35 20 89 91 41 7 74 18 69 93 78 52 17 98 37 23 15 21 87 3 96 55 90 
75 25 64 79 30 88 36 32 81 94 29 51 77 95 4 12 84 38 24 49 43 1 72 68 80 67 53 39 86 50 60 66 63 40 47 70 99 13 42 2 28 45 54 26 11 82 56 6 33 8 75 
90 46 31 22 97 16 14 10 44 85 19 61 34 76 59 57 27 92 0 48 5 62 71 58 73 83 9 35 20 89 91 88 41 7 66 39 63 21 68 24 60 74 18 78 52 17 93 98 37 23 90 
51 69 96 55 79 30 53 36 4 38 95 47 77 13 28 29 72 67 84 43 49 81 75 12 94 32 54 82 33 42 2 40 70 99 45 56 86 8 11 6 80 50 26 65 25 64 3 1 15 87 51 
70 2 13 47 99 28 45 42 40 77 95 29 51 36 4 84 38 54 82 6 33 26 11 56 86 8 61 34 85 19 94 50 24 80 72 43 49 68 67 57 60 44 22 59 76 39 63 1 81 32 70 
74 75 12 53 96 55 18 62 5 48 89 7 91 0 88 41 30 64 3 79 17 15 87 78 52 93 21 69 25 65 58 83 71 9 35 98 37 73 20 23 46 97 27 66 92 16 14 10 31 90 74 
70 64 18 74 2 13 47 99 28 45 42 40 77 95 29 51 36 4 84 38 54 50 86 56 82 6 33 26 11 30 8 67 43 49 63 72 24 60 80 75 12 81 94 32 69 23 17 78 37 98 70 
22 25 31 44 97 90 85 19 61 34 76 59 16 14 10 46 27 57 92 0 48 5 62 71 58 73 83 9 35 20 89 91 3 96 7 55 66 1 53 88 39 68 41 79 52 65 93 21 15 87 22 
62 70 89 48 91 0 5 18 96 74 30 7 88 41 3 79 55 46 22 97 90 44 31 27 80 50 24 60 92 49 39 63 66 72 68 43 1 53 84 67 28 2 33 77 32 38 12 75 94 81 62 
37 40 82 23 98 83 35 78 15 87 17 93 21 52 14 16 10 58 73 20 71 57 9 25 64 65 54 11 61 59 76 69 6 8 19 56 86 45 42 85 26 34 99 29 36 4 47 51 13 95 37 
62 89 48 91 0 5 18 96 74 30 7 88 41 3 79 55 83 71 9 46 31 16 58 73 14 10 20 23 37 35 93 69 87 78 17 64 65 21 15 52 22 97 66 27 92 90 98 44 1 53 62 
40 25 2 13 47 99 28 45 42 70 77 95 29 51 36 4 84 38 54 82 33 11 85 26 19 50 86 56 6 8 76 61 59 34 67 43 49 39 63 68 72 24 57 60 80 81 75 12 94 32 40 
72 64 49 1 43 84 67 24 80 68 53 39 60 63 12 94 81 38 56 86 50 85 8 6 92 0 57 27 7 66 79 30 41 88 91 74 89 5 96 55 18 93 78 52 17 9 23 35 15 3 72 
40 25 2 13 47 99 28 45 42 70 77 95 29 51 32 36 4 54 31 44 97 46 22 59 61 34 82 90 76 33 26 11 19 75 48 62 65 69 37 71 16 58 73 14 83 10 98 20 87 21 40 
72 64 49 1 43 84 67 24 80 68 53 39 60 63 12 94 81 38 56 86 50 85 8 6 92 0 57 27 7 66 79 30 41 88 91 74 89 5 96 55 18 93 78 52 17 9 23 35 15 3 72 
40 25 2 13 47 99 28 45 42 70 77 95 29 51 32 36 4 54 31 44 97 46 22 59 61 34 82 90 76 33 26 11 19 75 48 62 65 69 37 71 16 58 73 14 83 10 98 20 87 21 40 
