60624.5
50886.2
49476.1
72931.5
57453.4
73418.4
59370.9
45180.8
74130.1
74149.7
79671.2
68423.9
63093
61043.8
46597.5
50347.1
58678.4
80213.4
69914.1
56847
59781.7
47405.5
61422.3
76619.8
64230
55171.1
50247.8
48768.9
60046.4
51082.4
66018
59755
60562.6
74545
71513.9
62901.3
49954
50186.6
44923.8
47525.4
73303.5
60559.9
76339.1
70099
46712.9
65132.7
46464.7
68326.4
55410.7
63420.1
66873.5
52810
63562.6
67549.5
62839.8
63416.6
66389.3
51091.8
71943.2
68037.4
68700.7
63270.5
60567.8
67769.9
45471.2
44721.6
49778.8
75620.9
63693.3
56240.3
48991
64011.4
63965.7
72627.4
67418.5
69159.4
62544.6
55910.3
72539.2
56067.8
49042.3
58124
57626.6
50329.7
51089.5
54417.9
58327.7
50410.9
55411.4
62966.2
73580.3
52188.2
67851.5
61502.8
56698.6
60836
67291.6
71285.1
61013.1
61013.1
