29332.6
26735.2
29471.7
24976.6
32413.4
29776.4
29567.1
31132.3
25376.8
24548.3
25655.6
26121.7
29150.5
26383.6
32082.2
29050.9
30637.4
23918.7
26919.9
24238.5
24563
28973.8
26422
25653.5
26729.5
32022.7
25324.9
24807.5
28705.3
24639.6
24425.6
25829.8
31380.4
30232.5
27122.6
26134.5
28023.6
28096.5
25695.3
27913.4
29671.9
32549.2
27837.3
24801.5
24998.3
25501.4
25939.9
27295.8
25826.2
28817
30223.3
25742.3
28954.6
29780.1
23995.2
29241.4
30274.2
27323.2
27789.9
31148.9
26112.2
29351.8
26743.9
31369.5
31871.3
31091.1
26752.3
24783.1
27075.3
25189.6
30608.1
32823.8
22878.4
24769.6
27869.4
29188.5
23836.2
22640.5
23897.2
26288.2
28157.6
24464.3
31909.5
31444.7
30683.2
26618.9
31423.8
33188.5
32518.5
30145.7
26486.1
27517.4
24492.6
27698.3
25093.9
27666.6
28057.1
25316.6
25721.2
25721.2
