28230.9
24587.7
31668.6
26751.8
25166.6
27389.8
22710.6
23215.9
28345.6
27776
30521.1
29969.6
28483.1
28294.6
25806.2
25453.7
28403.2
25241.2
28973.5
29040.2
29500.7
25102.9
29151.3
27932.4
26748.4
27004.4
28034.7
30648.9
25765.8
28294.6
28885.9
27129.5
27409.7
26141.6
27565
30567.7
30897.6
31242.9
27354.2
29988.3
25038.6
26632.9
29019.8
27473.2
26030.6
26853.1
25251.6
27112.7
28889.4
25493.5
23377.5
28316.3
26774.6
24422.9
25958
26042.7
25210.4
24614.3
30476.7
25618.9
30638.9
29189.3
27793.9
27725
26195
28048
31189.8
26973.9
29758.7
27305.2
29530.1
28881.8
24649.6
28662.8
27392.9
28823.5
33695.6
29263.5
29688.2
24783.8
28373.3
28174
31320.6
28598.8
26029.4
27255.3
31841
31365.3
25959.6
24079.6
26031.2
27375.3
26377.9
25954.1
29333.8
28581.1
25395
28056.9
29099.3
29099.3
