36871.9
33763.1
36229.1
37857.9
34169.3
36490
35344.4
36119.2
37711
33864.9
39255.8
38558
36762.4
35288.7
32662.8
33258.4
34631
34672.6
35667.3
38217.4
34423.4
33821.9
36204.1
30385.8
36414.3
36626.6
36571.9
36951.4
35629.8
36623.9
33582
35054
34996.4
34505.3
36733.1
34810.1
34157.5
32762.7
35690.6
33975.6
34939
31994.7
36953.1
36377.7
36114.8
35266.7
31928
33219.5
37183.5
34691.3
32869.5
32935.4
37712.3
32911.8
35425.8
33669.9
32287.1
34807.9
37302.5
34285.1
32626.2
37742.4
37383.4
37783.1
34837.2
35977.6
36480.7
35317.4
35504.8
37534.3
30212.3
35314.3
37211.6
34430.8
36698.9
33082.1
32987.4
33880.9
35008.3
36357.5
35634.9
36766.7
35889.4
35651.3
34939.5
34256.4
31750.5
31555.3
34598.7
37864.6
36509.7
34212.4
37356.6
37868.4
34976.6
35799.7
31668.7
32630.2
34949.8
34949.8
