39556
34160.8
34753.4
33263.6
38087.9
39574.8
34874.6
33001.8
33182.3
34321.6
33407
38764.9
35038.6
34496.8
35130.7
34725
33442.7
33882.7
41824.9
36202.3
34416.4
32399.1
36309.8
36261.6
37775.9
32350.1
33558.7
31836.3
34733.4
36656
34252.1
39001.2
32236.9
38317
38195.5
34677.6
33424.7
33627.1
33200.3
32955.8
37306.5
37353.7
35707.4
36534.2
34149.1
36001.2
34861
36592.1
35734.6
36905.4
33949.7
35709.8
39774.3
37716.5
35865.3
38611.5
36211.6
38675.2
36561.3
38919
35681.6
30281.4
34663.3
37016.2
34761.2
33421.2
36466.5
36280.8
36944.2
33435.5
36341.5
38301.4
37711.6
39212.1
35951.3
37107.3
37356.7
35802.2
36910.4
33152.6
34709.4
32518.1
31043.8
34380.9
35210.7
34062.9
38607.7
36661.4
31018.3
34984.6
37456.2
38957.1
37761
36450.7
31416.2
35693.9
32962.5
32633.9
35034.9
35034.9
