52422.5
73492.7
70604.6
47755.3
57414.5
53573.2
48437.2
61347.5
56396.5
69036.6
49841.4
46352.9
47199.5
54889.3
73816.3
61261.9
48613.2
56124.4
63969.5
58990
56830.7
65018.9
52830.4
62751.5
54884.2
58898.6
67668.5
68691.2
60544.9
59204.9
44426.4
52757.3
48472.3
69381.3
50062.5
62222.4
45483.3
46937.9
63144.8
60969.4
50456.8
49819.1
61924
46933.8
65088.5
52621.9
64085.5
56315
58246.3
64045.9
68387.9
51810
64256.7
60487
66246.5
72957.6
45379.2
74694.4
56469.9
62343.7
59868
45530
74161.5
74201.3
61995
68695.3
77324
50884.3
70579.4
49071.4
56277.3
63960.9
44795.2
65164
61886.4
49413.5
45140.2
58288.6
44307.8
67728.9
61381.1
46357.8
49128.4
61719.3
60800.9
45992.6
50729.2
55856.4
55351.1
78553.8
54753.7
51160.8
49360.9
59049.2
50582
63841.8
69573.2
52167
69869.1
69869.1
